Sample: svediakorp-sec452-NyblomH_FantasierFyra, time period: 1850-1900
Metric	Precision	Recall	F1
compound	1.0000	1.0000	1.0000
expl	0.0000	0.0000	0.0000
fixed	0.0000	0.0000	0.0000
obl	0.8750	0.8235	0.8485
nummod	0.0000	0.0000	0.0000
flat	0.0000	0.0000	0.0000
advcl	0.1667	0.5000	0.2500
cc	1.0000	1.0000	1.0000
goeswith	0.0000	0.0000	0.0000
aux	0.0000	0.0000	0.0000
case	1.0000	0.9500	0.9744
conj	0.7500	0.6000	0.6667
orphan	0.0000	0.0000	0.0000
appos	1.0000	0.5000	0.6667
discourse	0.0000	0.0000	0.0000
acl	1.0000	0.8000	0.8889
csubj	0.0000	0.0000	0.0000
ccomp	0.0000	0.0000	0.0000
det	0.9091	1.0000	0.9524
vocative	0.0000	0.0000	0.0000
advmod	0.6667	0.8571	0.7500
mark	0.5000	1.0000	0.6667
nmod	0.9000	0.8182	0.8571
punct	1.0000	1.0000	1.0000
reparandum	0.0000	0.0000	0.0000
amod	1.0000	0.8571	0.9231
xcomp	0.0000	0.0000	0.0000
cop	0.0000	0.0000	0.0000
nsubj	0.9565	1.0000	0.9778
dep	0.0000	0.0000	0.0000
iobj	0.0000	0.0000	0.0000
clf	0.0000	0.0000	0.0000
dislocated	0.0000	0.0000	0.0000
list	0.0000	0.0000	0.0000
parataxis	0.5000	1.0000	0.6667
obj	0.8182	0.6923	0.7500
root	0.8000	0.8000	0.8000
TOTAL	0.8663	0.8663	0.8663

Sample: svediakorp-sec486-SchwartzMS_BellmansSkor, time period: 1850-1900
Metric	Precision	Recall	F1
compound	0.0000	0.0000	0.0000
expl	0.0000	0.0000	0.0000
fixed	0.0000	0.0000	0.0000
obl	0.6364	0.7000	0.6667
nummod	0.0000	0.0000	0.0000
flat	1.0000	0.5000	0.6667
advcl	0.6667	0.6667	0.6667
cc	1.0000	0.5000	0.6667
goeswith	0.0000	0.0000	0.0000
aux	0.0000	0.0000	0.0000
case	0.9000	0.6923	0.7826
conj	0.6667	0.6667	0.6667
orphan	0.0000	0.0000	0.0000
appos	0.0000	0.0000	0.0000
discourse	0.0000	0.0000	0.0000
acl	0.6000	0.6000	0.6000
csubj	0.0000	0.0000	0.0000
ccomp	0.0000	0.0000	0.0000
det	1.0000	1.0000	1.0000
vocative	0.0000	0.0000	0.0000
advmod	0.6364	0.8750	0.7368
mark	0.7143	1.0000	0.8333
nmod	1.0000	0.8000	0.8889
punct	1.0000	1.0000	1.0000
reparandum	0.0000	0.0000	0.0000
amod	1.0000	1.0000	1.0000
xcomp	1.0000	0.5000	0.6667
cop	1.0000	1.0000	1.0000
nsubj	0.9231	0.9231	0.9231
dep	0.0000	0.0000	0.0000
iobj	0.0000	0.0000	0.0000
clf	0.0000	0.0000	0.0000
dislocated	0.0000	0.0000	0.0000
list	0.0000	0.0000	0.0000
parataxis	0.0000	0.0000	0.0000
obj	0.8000	1.0000	0.8889
root	0.4286	0.6000	0.5000
TOTAL	0.8067	0.8067	0.8067

Sample: svediakorp-sec277-EnbomPU_MedborgeligtSkalde, time period: 1750-1800
Metric	Precision	Recall	F1
compound	0.0000	0.0000	0.0000
expl	1.0000	1.0000	1.0000
fixed	0.0000	0.0000	0.0000
obl	0.7500	0.5625	0.6429
nummod	0.0000	0.0000	0.0000
flat	0.0000	0.0000	0.0000
advcl	0.2500	0.6667	0.3636
cc	0.8889	1.0000	0.9412
goeswith	0.0000	0.0000	0.0000
aux	1.0000	0.6250	0.7692
case	0.8750	1.0000	0.9333
conj	0.4615	0.6000	0.5217
orphan	0.0000	0.0000	0.0000
appos	0.0000	0.0000	0.0000
discourse	0.0000	0.0000	0.0000
acl	0.7500	0.7500	0.7500
csubj	0.0000	0.0000	0.0000
ccomp	1.0000	0.2500	0.4000
det	1.0000	1.0000	1.0000
vocative	0.0000	0.0000	0.0000
advmod	1.0000	0.8462	0.9167
mark	1.0000	0.7692	0.8696
nmod	0.7895	0.9375	0.8571
punct	1.0000	1.0000	1.0000
reparandum	0.0000	0.0000	0.0000
amod	0.7857	0.8462	0.8148
xcomp	1.0000	0.5455	0.7059
cop	1.0000	1.0000	1.0000
nsubj	0.8500	0.8947	0.8718
dep	0.0000	0.0000	0.0000
iobj	0.0000	0.0000	0.0000
clf	0.0000	0.0000	0.0000
dislocated	0.0000	0.0000	0.0000
list	0.0000	0.0000	0.0000
parataxis	0.0000	0.0000	0.0000
obj	0.8235	0.7368	0.7778
root	0.5000	0.6250	0.5556
TOTAL	0.8017	0.8017	0.8017

Sample: svediakorp-sec991-spf148, time period: 1800-1850
Metric	Precision	Recall	F1
compound	1.0000	1.0000	1.0000
expl	0.0000	0.0000	0.0000
fixed	0.0000	0.0000	0.0000
obl	0.9000	0.7826	0.8372
nummod	1.0000	1.0000	1.0000
flat	0.0000	0.0000	0.0000
advcl	0.0000	0.0000	0.0000
cc	0.9333	1.0000	0.9655
goeswith	0.0000	0.0000	0.0000
aux	0.8000	1.0000	0.8889
case	1.0000	1.0000	1.0000
conj	0.7647	0.9286	0.8387
orphan	0.0000	0.0000	0.0000
appos	0.0000	0.0000	0.0000
discourse	0.0000	0.0000	0.0000
acl	1.0000	0.3636	0.5333
csubj	0.0000	0.0000	0.0000
ccomp	0.0000	0.0000	0.0000
det	1.0000	1.0000	1.0000
vocative	0.0000	0.0000	0.0000
advmod	0.8571	1.0000	0.9231
mark	0.6667	0.6667	0.6667
nmod	0.7692	0.9091	0.8333
punct	1.0000	0.9714	0.9855
reparandum	0.0000	0.0000	0.0000
amod	0.9474	0.9000	0.9231
xcomp	0.6000	0.7500	0.6667
cop	0.0000	0.0000	0.0000
nsubj	0.7143	0.7143	0.7143
dep	0.0000	0.0000	0.0000
iobj	0.0000	0.0000	0.0000
clf	0.0000	0.0000	0.0000
dislocated	0.0000	0.0000	0.0000
list	0.0000	0.0000	0.0000
parataxis	0.0000	0.0000	0.0000
obj	0.8000	0.5714	0.6667
root	0.8571	0.7500	0.8000
TOTAL	0.8600	0.8498	0.8549

Sample: svediakorp-sec631-HasselskogN_HallaHallaGronkoping, time period: 1900-1950
Metric	Precision	Recall	F1
compound	1.0000	1.0000	1.0000
expl	0.0000	0.0000	0.0000
fixed	0.5000	1.0000	0.6667
obl	0.9667	0.8056	0.8788
nummod	0.0000	0.0000	0.0000
flat	0.0000	0.0000	0.0000
advcl	0.4286	0.6000	0.5000
cc	1.0000	0.8000	0.8889
goeswith	0.0000	0.0000	0.0000
aux	1.0000	0.8750	0.9333
case	0.9792	0.9038	0.9400
conj	0.8125	0.8125	0.8125
orphan	0.0000	0.0000	0.0000
appos	0.5000	0.6667	0.5714
discourse	1.0000	1.0000	1.0000
acl	0.7000	1.0000	0.8235
csubj	1.0000	0.5000	0.6667
ccomp	0.0000	0.0000	0.0000
det	0.9474	1.0000	0.9730
vocative	0.0000	0.0000	0.0000
advmod	0.9545	0.9545	0.9545
mark	0.6154	1.0000	0.7619
nmod	0.9412	0.9697	0.9552
punct	1.0000	0.9429	0.9706
reparandum	0.0000	0.0000	0.0000
amod	1.0000	0.9655	0.9825
xcomp	0.7500	0.8571	0.8000
cop	0.0000	0.0000	0.0000
nsubj	0.7500	0.8824	0.8108
dep	0.0000	0.0000	0.0000
iobj	1.0000	1.0000	1.0000
clf	0.0000	0.0000	0.0000
dislocated	0.0000	0.0000	0.0000
list	0.0000	0.0000	0.0000
parataxis	1.0000	1.0000	1.0000
obj	0.8333	0.6667	0.7407
root	0.5000	0.6000	0.5455
TOTAL	0.8889	0.8812	0.8850

Sample: svediakorp-sec252-BremerF_Teckningar1, time period: 1800-1850
Metric	Precision	Recall	F1
compound	1.0000	1.0000	1.0000
expl	0.0000	0.0000	0.0000
fixed	0.0000	0.0000	0.0000
obl	1.0000	0.7500	0.8571
nummod	0.0000	0.0000	0.0000
flat	0.0000	0.0000	0.0000
advcl	1.0000	1.0000	1.0000
cc	0.0000	0.0000	0.0000
goeswith	0.0000	0.0000	0.0000
aux	1.0000	1.0000	1.0000
case	1.0000	1.0000	1.0000
conj	0.0000	0.0000	0.0000
orphan	0.0000	0.0000	0.0000
appos	0.0000	0.0000	0.0000
discourse	0.0000	0.0000	0.0000
acl	1.0000	1.0000	1.0000
csubj	0.0000	0.0000	0.0000
ccomp	1.0000	1.0000	1.0000
det	1.0000	1.0000	1.0000
vocative	0.0000	0.0000	0.0000
advmod	1.0000	1.0000	1.0000
mark	1.0000	1.0000	1.0000
nmod	1.0000	1.0000	1.0000
punct	1.0000	1.0000	1.0000
reparandum	0.0000	0.0000	0.0000
amod	1.0000	1.0000	1.0000
xcomp	0.0000	0.0000	0.0000
cop	0.0000	0.0000	0.0000
nsubj	0.8750	0.8750	0.8750
dep	0.0000	0.0000	0.0000
iobj	0.0000	0.0000	0.0000
clf	0.0000	0.0000	0.0000
dislocated	0.0000	0.0000	0.0000
list	0.0000	0.0000	0.0000
parataxis	1.0000	1.0000	1.0000
obj	1.0000	1.0000	1.0000
root	1.0000	1.0000	1.0000
TOTAL	0.9630	0.9630	0.9630

Sample: svediakorp-sec1102-spf259, time period: 1850-1900
Metric	Precision	Recall	F1
compound	1.0000	1.0000	1.0000
expl	0.0000	0.0000	0.0000
fixed	0.0000	0.0000	0.0000
obl	1.0000	0.7778	0.8750
nummod	0.0000	0.0000	0.0000
flat	1.0000	1.0000	1.0000
advcl	1.0000	0.8333	0.9091
cc	1.0000	1.0000	1.0000
goeswith	0.0000	0.0000	0.0000
aux	1.0000	0.5000	0.6667
case	1.0000	1.0000	1.0000
conj	0.7000	0.6364	0.6667
orphan	0.0000	0.0000	0.0000
appos	0.0000	0.0000	0.0000
discourse	0.0000	0.0000	0.0000
acl	0.5000	0.5000	0.5000
csubj	0.0000	0.0000	0.0000
ccomp	0.0000	0.0000	0.0000
det	1.0000	1.0000	1.0000
vocative	0.0000	0.0000	0.0000
advmod	0.8750	0.9333	0.9032
mark	0.8750	0.8750	0.8750
nmod	0.5000	1.0000	0.6667
punct	1.0000	1.0000	1.0000
reparandum	0.0000	0.0000	0.0000
amod	1.0000	1.0000	1.0000
xcomp	1.0000	0.5000	0.6667
cop	1.0000	1.0000	1.0000
nsubj	0.7778	0.9333	0.8485
dep	0.0000	0.0000	0.0000
iobj	0.0000	0.0000	0.0000
clf	0.0000	0.0000	0.0000
dislocated	0.0000	0.0000	0.0000
list	0.0000	0.0000	0.0000
parataxis	0.0000	0.0000	0.0000
obj	0.7500	0.6000	0.6667
root	0.8000	0.8000	0.8000
TOTAL	0.8777	0.8777	0.8777

Sample: svediakorp-letter141673-Stalhammar, time period: 1700-1750
Metric	Precision	Recall	F1
compound	0.0000	0.0000	0.0000
expl	0.0000	0.0000	0.0000
fixed	0.0000	0.0000	0.0000
obl	0.5000	0.5000	0.5000
nummod	1.0000	0.6667	0.8000
flat	0.0000	0.0000	0.0000
advcl	0.0000	0.0000	0.0000
cc	0.9000	0.9000	0.9000
goeswith	0.0000	0.0000	0.0000
aux	1.0000	0.5000	0.6667
case	0.9231	0.6316	0.7500
conj	0.2500	0.6667	0.3636
orphan	0.0000	0.0000	0.0000
appos	0.0000	0.0000	0.0000
discourse	0.0000	0.0000	0.0000
acl	0.0000	0.0000	0.0000
csubj	0.0000	0.0000	0.0000
ccomp	0.0000	0.0000	0.0000
det	1.0000	0.2500	0.4000
vocative	0.0000	0.0000	0.0000
advmod	0.2500	0.1333	0.1739
mark	0.7500	0.6000	0.6667
nmod	0.3913	0.6429	0.4865
punct	0.8095	0.9444	0.8718
reparandum	0.0000	0.0000	0.0000
amod	0.8333	0.4545	0.5882
xcomp	0.5000	1.0000	0.6667
cop	0.0000	0.0000	0.0000
nsubj	0.0000	0.0000	0.0000
dep	0.0000	0.0000	0.0000
iobj	0.0000	0.0000	0.0000
clf	0.0000	0.0000	0.0000
dislocated	0.0000	0.0000	0.0000
list	0.0000	0.0000	0.0000
parataxis	0.0000	0.0000	0.0000
obj	0.1250	0.2000	0.1538
root	0.2857	0.4000	0.3333
TOTAL	0.4633	0.4607	0.4620

Sample: svediakorp-sec208-Anonym_DetGrasligaMordet, time period: 1850-1900
Metric	Precision	Recall	F1
compound	0.0000	0.0000	0.0000
expl	0.0000	0.0000	0.0000
fixed	0.0000	0.0000	0.0000
obl	0.8889	0.8889	0.8889
nummod	1.0000	1.0000	1.0000
flat	0.0000	0.0000	0.0000
advcl	0.0000	0.0000	0.0000
cc	1.0000	1.0000	1.0000
goeswith	0.0000	0.0000	0.0000
aux	0.7500	0.7500	0.7500
case	1.0000	1.0000	1.0000
conj	0.6667	1.0000	0.8000
orphan	0.0000	0.0000	0.0000
appos	1.0000	1.0000	1.0000
discourse	0.0000	0.0000	0.0000
acl	0.5000	0.5000	0.5000
csubj	0.0000	0.0000	0.0000
ccomp	0.0000	0.0000	0.0000
det	1.0000	1.0000	1.0000
vocative	0.0000	0.0000	0.0000
advmod	1.0000	0.8571	0.9231
mark	1.0000	1.0000	1.0000
nmod	0.8889	0.8889	0.8889
punct	1.0000	1.0000	1.0000
reparandum	0.0000	0.0000	0.0000
amod	1.0000	1.0000	1.0000
xcomp	1.0000	0.6667	0.8000
cop	0.0000	0.0000	0.0000
nsubj	0.8571	1.0000	0.9231
dep	0.0000	0.0000	0.0000
iobj	0.0000	0.0000	0.0000
clf	0.0000	0.0000	0.0000
dislocated	0.0000	0.0000	0.0000
list	0.0000	0.0000	0.0000
parataxis	0.0000	0.0000	0.0000
obj	1.0000	1.0000	1.0000
root	1.0000	1.0000	1.0000
TOTAL	0.8958	0.8958	0.8958

Sample: svediakorp-sec613-EngstromA_StrindbergOchJag, time period: 1900-1950
Metric	Precision	Recall	F1
compound	1.0000	1.0000	1.0000
expl	0.0000	0.0000	0.0000
fixed	0.0000	0.0000	0.0000
obl	1.0000	0.7500	0.8571
nummod	0.0000	0.0000	0.0000
flat	1.0000	1.0000	1.0000
advcl	0.3333	1.0000	0.5000
cc	1.0000	1.0000	1.0000
goeswith	0.0000	0.0000	0.0000
aux	1.0000	1.0000	1.0000
case	1.0000	1.0000	1.0000
conj	0.6000	0.6000	0.6000
orphan	0.0000	0.0000	0.0000
appos	1.0000	1.0000	1.0000
discourse	0.0000	0.0000	0.0000
acl	1.0000	0.8333	0.9091
csubj	0.0000	0.0000	0.0000
ccomp	0.0000	0.0000	0.0000
det	1.0000	0.8750	0.9333
vocative	0.0000	0.0000	0.0000
advmod	1.0000	1.0000	1.0000
mark	1.0000	1.0000	1.0000
nmod	0.7500	1.0000	0.8571
punct	1.0000	1.0000	1.0000
reparandum	0.0000	0.0000	0.0000
amod	1.0000	1.0000	1.0000
xcomp	1.0000	0.5000	0.6667
cop	1.0000	1.0000	1.0000
nsubj	0.6667	0.8889	0.7619
dep	0.0000	0.0000	0.0000
iobj	1.0000	1.0000	1.0000
clf	0.0000	0.0000	0.0000
dislocated	0.0000	0.0000	0.0000
list	0.0000	0.0000	0.0000
parataxis	0.0000	0.0000	0.0000
obj	1.0000	1.0000	1.0000
root	1.0000	1.0000	1.0000
TOTAL	0.9051	0.9051	0.9051

Sample: svediakorp-sec324-GranbergPA_Enslighetsalskaren, time period: 1800-1850
Metric	Precision	Recall	F1
compound	1.0000	1.0000	1.0000
expl	0.0000	0.0000	0.0000
fixed	0.0000	0.0000	0.0000
obl	0.7500	0.7500	0.7500
nummod	0.0000	0.0000	0.0000
flat	0.0000	0.0000	0.0000
advcl	0.5000	1.0000	0.6667
cc	1.0000	1.0000	1.0000
goeswith	0.0000	0.0000	0.0000
aux	1.0000	1.0000	1.0000
case	0.8889	0.8889	0.8889
conj	0.2500	0.5000	0.3333
orphan	0.0000	0.0000	0.0000
appos	0.0000	0.0000	0.0000
discourse	0.0000	0.0000	0.0000
acl	0.8000	0.6667	0.7273
csubj	0.0000	0.0000	0.0000
ccomp	1.0000	1.0000	1.0000
det	1.0000	0.8333	0.9091
vocative	0.0000	0.0000	0.0000
advmod	0.9286	0.8125	0.8667
mark	0.8333	1.0000	0.9091
nmod	1.0000	0.9167	0.9565
punct	1.0000	0.9474	0.9730
reparandum	0.0000	0.0000	0.0000
amod	1.0000	0.7500	0.8571
xcomp	0.0000	0.0000	0.0000
cop	1.0000	1.0000	1.0000
nsubj	0.9286	0.9286	0.9286
dep	0.0000	0.0000	0.0000
iobj	1.0000	1.0000	1.0000
clf	0.0000	0.0000	0.0000
dislocated	0.0000	0.0000	0.0000
list	0.0000	0.0000	0.0000
parataxis	0.0000	0.0000	0.0000
obj	0.6667	0.7273	0.6957
root	1.0000	0.6000	0.7500
TOTAL	0.8519	0.8273	0.8394

Sample: svediakorp-sec1033-spf190, time period: 1900-1950
Metric	Precision	Recall	F1
compound	1.0000	1.0000	1.0000
expl	0.0000	0.0000	0.0000
fixed	0.0000	0.0000	0.0000
obl	0.7500	0.7500	0.7500
nummod	0.0000	0.0000	0.0000
flat	0.0000	0.0000	0.0000
advcl	1.0000	1.0000	1.0000
cc	1.0000	1.0000	1.0000
goeswith	0.0000	0.0000	0.0000
aux	1.0000	1.0000	1.0000
case	1.0000	0.8333	0.9091
conj	0.5000	1.0000	0.6667
orphan	0.0000	0.0000	0.0000
appos	0.5000	0.6667	0.5714
discourse	0.0000	0.0000	0.0000
acl	1.0000	1.0000	1.0000
csubj	0.0000	0.0000	0.0000
ccomp	1.0000	1.0000	1.0000
det	1.0000	1.0000	1.0000
vocative	0.0000	0.0000	0.0000
advmod	0.9167	0.9167	0.9167
mark	0.7500	1.0000	0.8571
nmod	1.0000	0.7273	0.8421
punct	1.0000	1.0000	1.0000
reparandum	0.0000	0.0000	0.0000
amod	0.8750	1.0000	0.9333
xcomp	1.0000	0.6667	0.8000
cop	1.0000	1.0000	1.0000
nsubj	1.0000	0.9167	0.9565
dep	0.0000	0.0000	0.0000
iobj	0.0000	0.0000	0.0000
clf	0.0000	0.0000	0.0000
dislocated	0.0000	0.0000	0.0000
list	0.0000	0.0000	0.0000
parataxis	0.0000	0.0000	0.0000
obj	0.6667	1.0000	0.8000
root	1.0000	1.0000	1.0000
TOTAL	0.8976	0.8976	0.8976

Sample: svediakorp-sec25-Runius, time period: 1700-1750
Metric	Precision	Recall	F1
compound	0.0000	0.0000	0.0000
expl	0.0000	0.0000	0.0000
fixed	0.0000	0.0000	0.0000
obl	0.6667	1.0000	0.8000
nummod	0.0000	0.0000	0.0000
flat	0.0000	0.0000	0.0000
advcl	0.0000	0.0000	0.0000
cc	1.0000	1.0000	1.0000
goeswith	0.0000	0.0000	0.0000
aux	0.0000	0.0000	0.0000
case	1.0000	1.0000	1.0000
conj	0.0000	0.0000	0.0000
orphan	0.0000	0.0000	0.0000
appos	0.0000	0.0000	0.0000
discourse	0.0000	0.0000	0.0000
acl	1.0000	1.0000	1.0000
csubj	0.0000	0.0000	0.0000
ccomp	0.0000	0.0000	0.0000
det	1.0000	1.0000	1.0000
vocative	0.0000	0.0000	0.0000
advmod	0.8000	0.6667	0.7273
mark	0.0000	0.0000	0.0000
nmod	0.6667	0.6667	0.6667
punct	1.0000	1.0000	1.0000
reparandum	0.0000	0.0000	0.0000
amod	1.0000	0.6667	0.8000
xcomp	0.0000	0.0000	0.0000
cop	0.0000	0.0000	0.0000
nsubj	0.8889	0.8000	0.8421
dep	0.0000	0.0000	0.0000
iobj	0.0000	0.0000	0.0000
clf	0.0000	0.0000	0.0000
dislocated	0.0000	0.0000	0.0000
list	0.0000	0.0000	0.0000
parataxis	0.0000	0.0000	0.0000
obj	0.6000	1.0000	0.7500
root	0.6000	0.6000	0.6000
TOTAL	0.7400	0.7551	0.7475

Sample: svediakorp-sec254-CederborghF_BerattelseOmJohnHall, time period: 1800-1850
Metric	Precision	Recall	F1
compound	0.0000	0.0000	0.0000
expl	0.0000	0.0000	0.0000
fixed	0.0000	0.0000	0.0000
obl	0.8571	0.7059	0.7742
nummod	0.0000	0.0000	0.0000
flat	0.4000	1.0000	0.5714
advcl	0.3333	0.3333	0.3333
cc	0.9000	0.8182	0.8571
goeswith	0.0000	0.0000	0.0000
aux	1.0000	1.0000	1.0000
case	0.9167	0.9167	0.9167
conj	0.5333	0.6667	0.5926
orphan	0.0000	0.0000	0.0000
appos	0.0000	0.0000	0.0000
discourse	0.0000	0.0000	0.0000
acl	0.3333	0.1667	0.2222
csubj	0.5000	1.0000	0.6667
ccomp	0.5000	0.5000	0.5000
det	1.0000	1.0000	1.0000
vocative	0.0000	0.0000	0.0000
advmod	0.7500	0.9000	0.8182
mark	1.0000	0.5455	0.7059
nmod	0.9091	0.8333	0.8696
punct	0.9688	0.9688	0.9688
reparandum	0.0000	0.0000	0.0000
amod	0.9091	0.7692	0.8333
xcomp	0.3333	0.1429	0.2000
cop	0.7500	0.4286	0.5455
nsubj	0.9091	1.0000	0.9524
dep	0.0000	0.0000	0.0000
iobj	0.0000	0.0000	0.0000
clf	0.0000	0.0000	0.0000
dislocated	0.0000	0.0000	0.0000
list	0.0000	0.0000	0.0000
parataxis	0.3333	0.5000	0.4000
obj	0.5385	0.7778	0.6364
root	0.6667	0.8000	0.7273
TOTAL	0.7833	0.7833	0.7833

Sample: svediakorp-sec397-AngeredStrandbergH_UnderSodernsSol, time period: 1900-1950
Metric	Precision	Recall	F1
compound	0.7500	0.7500	0.7500
expl	0.0000	0.0000	0.0000
fixed	0.0000	0.0000	0.0000
obl	0.7000	0.9333	0.8000
nummod	0.0000	0.0000	0.0000
flat	0.0000	0.0000	0.0000
advcl	0.0000	0.0000	0.0000
cc	1.0000	1.0000	1.0000
goeswith	0.0000	0.0000	0.0000
aux	0.6667	1.0000	0.8000
case	1.0000	0.9500	0.9744
conj	0.9091	0.7692	0.8333
orphan	0.0000	0.0000	0.0000
appos	0.0000	0.0000	0.0000
discourse	0.0000	0.0000	0.0000
acl	1.0000	1.0000	1.0000
csubj	0.0000	0.0000	0.0000
ccomp	1.0000	0.6667	0.8000
det	1.0000	1.0000	1.0000
vocative	0.0000	0.0000	0.0000
advmod	0.8750	0.9333	0.9032
mark	0.8571	1.0000	0.9231
nmod	1.0000	0.7778	0.8750
punct	1.0000	1.0000	1.0000
reparandum	0.0000	0.0000	0.0000
amod	0.9412	1.0000	0.9697
xcomp	1.0000	0.3333	0.5000
cop	0.0000	0.0000	0.0000
nsubj	0.8824	0.8824	0.8824
dep	0.0000	0.0000	0.0000
iobj	0.0000	0.0000	0.0000
clf	0.0000	0.0000	0.0000
dislocated	0.0000	0.0000	0.0000
list	0.0000	0.0000	0.0000
parataxis	0.0000	0.0000	0.0000
obj	0.6667	1.0000	0.8000
root	0.4000	0.4000	0.4000
TOTAL	0.8656	0.8656	0.8656

Sample: svediakorp-sec330-GyllenborgC_SwenskaSpratthoken, time period: 1700-1750
Metric	Precision	Recall	F1
compound	0.5000	0.6667	0.5714
expl	1.0000	1.0000	1.0000
fixed	0.0000	0.0000	0.0000
obl	0.5833	0.3684	0.4516
nummod	0.0000	0.0000	0.0000
flat	0.2000	0.5000	0.2857
advcl	0.4545	0.7143	0.5556
cc	0.8571	0.8571	0.8571
goeswith	0.0000	0.0000	0.0000
aux	0.9000	0.7500	0.8182
case	0.7647	0.5652	0.6500
conj	0.4615	0.6667	0.5455
orphan	0.0000	0.0000	0.0000
appos	0.0000	0.0000	0.0000
discourse	0.5000	0.5000	0.5000
acl	0.4615	0.6000	0.5217
csubj	0.0000	0.0000	0.0000
ccomp	0.6000	0.4286	0.5000
det	0.8571	0.8000	0.8276
vocative	0.0000	0.0000	0.0000
advmod	0.8667	0.8387	0.8525
mark	0.7500	0.7500	0.7500
nmod	0.6316	0.8571	0.7273
punct	1.0000	1.0000	1.0000
reparandum	0.0000	0.0000	0.0000
amod	0.8182	0.6429	0.7200
xcomp	0.4000	0.4000	0.4000
cop	1.0000	0.8000	0.8889
nsubj	0.6667	0.8125	0.7324
dep	0.0000	0.0000	0.0000
iobj	0.5000	0.5000	0.5000
clf	0.0000	0.0000	0.0000
dislocated	0.0000	0.0000	0.0000
list	0.0000	0.0000	0.0000
parataxis	0.0000	0.0000	0.0000
obj	0.6522	0.6250	0.6383
root	0.5000	0.6000	0.5455
TOTAL	0.7034	0.7034	0.7034

Sample: svediakorp-sec639-HeidenstamV_Proletarfilosofiens, time period: 1900-1950
Metric	Precision	Recall	F1
compound	1.0000	1.0000	1.0000
expl	1.0000	1.0000	1.0000
fixed	0.0000	0.0000	0.0000
obl	1.0000	0.9000	0.9474
nummod	0.0000	0.0000	0.0000
flat	0.0000	0.0000	0.0000
advcl	0.6667	1.0000	0.8000
cc	1.0000	1.0000	1.0000
goeswith	0.0000	0.0000	0.0000
aux	1.0000	1.0000	1.0000
case	1.0000	1.0000	1.0000
conj	1.0000	1.0000	1.0000
orphan	0.0000	0.0000	0.0000
appos	0.0000	0.0000	0.0000
discourse	0.0000	0.0000	0.0000
acl	0.7500	0.7500	0.7500
csubj	0.0000	0.0000	0.0000
ccomp	0.0000	0.0000	0.0000
det	1.0000	1.0000	1.0000
vocative	0.0000	0.0000	0.0000
advmod	0.9000	1.0000	0.9474
mark	1.0000	1.0000	1.0000
nmod	1.0000	1.0000	1.0000
punct	1.0000	1.0000	1.0000
reparandum	0.0000	0.0000	0.0000
amod	1.0000	1.0000	1.0000
xcomp	1.0000	0.6000	0.7500
cop	1.0000	1.0000	1.0000
nsubj	1.0000	1.0000	1.0000
dep	0.0000	0.0000	0.0000
iobj	0.0000	0.0000	0.0000
clf	0.0000	0.0000	0.0000
dislocated	0.0000	0.0000	0.0000
list	0.0000	0.0000	0.0000
parataxis	0.0000	0.0000	0.0000
obj	1.0000	1.0000	1.0000
root	1.0000	1.0000	1.0000
TOTAL	0.9718	0.9718	0.9718

Sample: svediakorp-sec268-DulciU_VitterhetsNojen3, time period: 1750-1800
Metric	Precision	Recall	F1
compound	0.0000	0.0000	0.0000
expl	1.0000	1.0000	1.0000
fixed	0.0000	0.0000	0.0000
obl	0.3273	0.3529	0.3396
nummod	0.0000	0.0000	0.0000
flat	1.0000	1.0000	1.0000
advcl	0.1538	0.1818	0.1667
cc	0.3214	0.3462	0.3333
goeswith	0.0000	0.0000	0.0000
aux	0.3793	0.3793	0.3793
case	0.4366	0.4366	0.4366
conj	0.2000	0.2800	0.2333
orphan	0.0000	0.0000	0.0000
appos	0.0000	0.0000	0.0000
discourse	0.0000	0.0000	0.0000
acl	0.3077	0.1818	0.2286
csubj	0.0000	0.0000	0.0000
ccomp	1.0000	0.2500	0.4000
det	0.5652	0.5306	0.5474
vocative	0.0000	0.0000	0.0000
advmod	0.3500	0.4286	0.3853
mark	0.4231	0.3548	0.3860
nmod	0.5000	0.4524	0.4750
punct	0.4000	0.4000	0.4000
reparandum	0.0000	0.0000	0.0000
amod	0.4524	0.3878	0.4176
xcomp	0.4545	0.3846	0.4167
cop	0.3333	0.2857	0.3077
nsubj	0.4103	0.3810	0.3951
dep	0.0000	0.0000	0.0000
iobj	0.0000	0.0000	0.0000
clf	0.0000	0.0000	0.0000
dislocated	0.0000	0.0000	0.0000
list	0.0000	0.0000	0.0000
parataxis	0.0000	0.0000	0.0000
obj	0.4194	0.4194	0.4194
root	0.4167	0.5556	0.4762
TOTAL	0.3930	0.3930	0.3930

Sample: svediakorp-sec987-spf144, time period: 1800-1850
Metric	Precision	Recall	F1
compound	1.0000	1.0000	1.0000
expl	0.0000	0.0000	0.0000
fixed	0.0000	0.0000	0.0000
obl	0.5714	0.4444	0.5000
nummod	0.0000	0.0000	0.0000
flat	0.6667	1.0000	0.8000
advcl	0.0000	0.0000	0.0000
cc	0.7500	0.7500	0.7500
goeswith	0.0000	0.0000	0.0000
aux	0.5000	1.0000	0.6667
case	0.9000	0.9000	0.9000
conj	0.2000	0.2500	0.2222
orphan	0.0000	0.0000	0.0000
appos	0.0000	0.0000	0.0000
discourse	0.0000	0.0000	0.0000
acl	1.0000	0.3333	0.5000
csubj	0.0000	0.0000	0.0000
ccomp	0.0000	0.0000	0.0000
det	0.7500	1.0000	0.8571
vocative	0.0000	0.0000	0.0000
advmod	1.0000	0.6667	0.8000
mark	1.0000	1.0000	1.0000
nmod	0.7778	0.7778	0.7778
punct	0.8750	0.8750	0.8750
reparandum	0.0000	0.0000	0.0000
amod	0.7143	0.6250	0.6667
xcomp	0.0000	0.0000	0.0000
cop	1.0000	1.0000	1.0000
nsubj	0.7500	0.8571	0.8000
dep	0.0000	0.0000	0.0000
iobj	0.0000	0.0000	0.0000
clf	0.0000	0.0000	0.0000
dislocated	0.0000	0.0000	0.0000
list	0.0000	0.0000	0.0000
parataxis	0.0000	0.0000	0.0000
obj	0.6667	0.6667	0.6667
root	1.0000	1.0000	1.0000
TOTAL	0.7284	0.7284	0.7284

Sample: svediakorp-sec988-spf145, time period: 1800-1850
Metric	Precision	Recall	F1
compound	0.0000	0.0000	0.0000
expl	1.0000	1.0000	1.0000
fixed	0.0000	0.0000	0.0000
obl	0.7500	0.7500	0.7500
nummod	0.0000	0.0000	0.0000
flat	0.0000	0.0000	0.0000
advcl	0.2857	0.6667	0.4000
cc	1.0000	1.0000	1.0000
goeswith	0.0000	0.0000	0.0000
aux	1.0000	1.0000	1.0000
case	1.0000	0.8235	0.9032
conj	1.0000	1.0000	1.0000
orphan	0.0000	0.0000	0.0000
appos	0.0000	0.0000	0.0000
discourse	0.0000	0.0000	0.0000
acl	0.8000	1.0000	0.8889
csubj	1.0000	1.0000	1.0000
ccomp	1.0000	1.0000	1.0000
det	1.0000	1.0000	1.0000
vocative	0.0000	0.0000	0.0000
advmod	0.9167	0.9167	0.9167
mark	1.0000	1.0000	1.0000
nmod	0.8889	0.7273	0.8000
punct	1.0000	1.0000	1.0000
reparandum	0.0000	0.0000	0.0000
amod	1.0000	1.0000	1.0000
xcomp	0.3333	0.2000	0.2500
cop	1.0000	0.7500	0.8571
nsubj	0.9333	0.8235	0.8750
dep	0.0000	0.0000	0.0000
iobj	1.0000	1.0000	1.0000
clf	0.0000	0.0000	0.0000
dislocated	0.0000	0.0000	0.0000
list	0.0000	0.0000	0.0000
parataxis	1.0000	0.5714	0.7273
obj	0.5714	0.8889	0.6957
root	0.6000	0.6000	0.6000
TOTAL	0.8545	0.8494	0.8520

Sample: svediakorp-sec1063-spf220, time period: 1850-1900
Metric	Precision	Recall	F1
compound	0.0000	0.0000	0.0000
expl	0.0000	0.0000	0.0000
fixed	1.0000	1.0000	1.0000
obl	1.0000	1.0000	1.0000
nummod	0.0000	0.0000	0.0000
flat	0.0000	0.0000	0.0000
advcl	0.7500	0.7500	0.7500
cc	1.0000	1.0000	1.0000
goeswith	0.0000	0.0000	0.0000
aux	0.6667	1.0000	0.8000
case	1.0000	1.0000	1.0000
conj	0.8750	1.0000	0.9333
orphan	0.0000	0.0000	0.0000
appos	0.0000	0.0000	0.0000
discourse	0.0000	0.0000	0.0000
acl	1.0000	0.6667	0.8000
csubj	0.0000	0.0000	0.0000
ccomp	0.5000	1.0000	0.6667
det	1.0000	1.0000	1.0000
vocative	0.0000	0.0000	0.0000
advmod	0.9000	0.9000	0.9000
mark	1.0000	0.8750	0.9333
nmod	1.0000	0.8750	0.9333
punct	1.0000	1.0000	1.0000
reparandum	0.0000	0.0000	0.0000
amod	1.0000	1.0000	1.0000
xcomp	1.0000	0.5000	0.6667
cop	1.0000	1.0000	1.0000
nsubj	0.8235	1.0000	0.9032
dep	0.0000	0.0000	0.0000
iobj	0.0000	0.0000	0.0000
clf	0.0000	0.0000	0.0000
dislocated	1.0000	1.0000	1.0000
list	0.0000	0.0000	0.0000
parataxis	0.0000	0.0000	0.0000
obj	0.8750	0.7000	0.7778
root	1.0000	0.8333	0.9091
TOTAL	0.9384	0.9320	0.9352

----------------------------------------------------------------------
Average scores for time period 1700-1750(3 samples with a total of 15 sentences):
Metric	Precision	Recall	F1
compound	0.1667	0.2222	0.1905
expl	0.3333	0.3333	0.3333
fixed	0.0000	0.0000	0.0000
obl	0.5833	0.6228	0.5839
nummod	0.3333	0.2222	0.2667
flat	0.0667	0.1667	0.0952
advcl	0.1515	0.2381	0.1852
cc	0.9190	0.9190	0.9190
goeswith	0.0000	0.0000	0.0000
aux	0.6333	0.4167	0.4949
case	0.8959	0.7323	0.8000
conj	0.2372	0.4444	0.3030
orphan	0.0000	0.0000	0.0000
appos	0.0000	0.0000	0.0000
discourse	0.1667	0.1667	0.1667
acl	0.4872	0.5333	0.5072
csubj	0.0000	0.0000	0.0000
ccomp	0.2000	0.1429	0.1667
det	0.9524	0.6833	0.7425
vocative	0.0000	0.0000	0.0000
advmod	0.6389	0.5462	0.5845
mark	0.5000	0.4500	0.4722
nmod	0.5632	0.7222	0.6268
punct	0.9365	0.9815	0.9573
reparandum	0.0000	0.0000	0.0000
amod	0.8838	0.5880	0.7027
xcomp	0.3000	0.4667	0.3556
cop	0.3333	0.2667	0.2963
nsubj	0.5185	0.5375	0.5248
dep	0.0000	0.0000	0.0000
iobj	0.1667	0.1667	0.1667
clf	0.0000	0.0000	0.0000
dislocated	0.0000	0.0000	0.0000
list	0.0000	0.0000	0.0000
parataxis	0.0000	0.0000	0.0000
obj	0.4591	0.6083	0.5140
root	0.4619	0.5333	0.4929
TOTAL	0.6356	0.6397	0.6376

Average scores for time period 1750-1800(2 samples with a total of 17 sentences):
Metric	Precision	Recall	F1
compound	0.0000	0.0000	0.0000
expl	1.0000	1.0000	1.0000
fixed	0.0000	0.0000	0.0000
obl	0.5262	0.4516	0.4823
nummod	0.0000	0.0000	0.0000
flat	0.5294	0.5294	0.5294
advcl	0.1991	0.4100	0.2594
cc	0.5885	0.6538	0.6194
goeswith	0.0000	0.0000	0.0000
aux	0.6714	0.4949	0.5628
case	0.6429	0.7017	0.6704
conj	0.3231	0.4306	0.3691
orphan	0.0000	0.0000	0.0000
appos	0.0000	0.0000	0.0000
discourse	0.0000	0.0000	0.0000
acl	0.5158	0.4492	0.4739
csubj	0.0000	0.0000	0.0000
ccomp	1.0000	0.2500	0.4000
det	0.7698	0.7515	0.7604
vocative	0.0000	0.0000	0.0000
advmod	0.6559	0.6251	0.6354
mark	0.6946	0.5498	0.6135
nmod	0.6362	0.6807	0.6548
punct	0.6824	0.6824	0.6824
reparandum	0.0000	0.0000	0.0000
amod	0.6092	0.6035	0.6045
xcomp	0.7112	0.4603	0.5528
cop	0.6471	0.6218	0.6335
nsubj	0.6172	0.6227	0.6194
dep	0.0000	0.0000	0.0000
iobj	0.0000	0.0000	0.0000
clf	0.0000	0.0000	0.0000
dislocated	0.0000	0.0000	0.0000
list	0.0000	0.0000	0.0000
parataxis	0.0000	0.0000	0.0000
obj	0.6096	0.5688	0.5880
root	0.4559	0.5882	0.5135
TOTAL	0.5853	0.5853	0.5853

Average scores for time period 1800-1850(6 samples with a total of 28 sentences):
Metric	Precision	Recall	F1
compound	0.6429	0.6429	0.6429
expl	0.1786	0.1786	0.1786
fixed	0.0000	0.0000	0.0000
obl	0.8107	0.7187	0.7601
nummod	0.2857	0.2857	0.2857
flat	0.1429	0.2857	0.1878
advcl	0.2713	0.4286	0.3214
cc	0.8649	0.8693	0.8664
goeswith	0.0000	0.0000	0.0000
aux	0.8893	1.0000	0.9325
case	0.9546	0.9231	0.9373
conj	0.5584	0.6790	0.6074
orphan	0.0000	0.0000	0.0000
appos	0.0000	0.0000	0.0000
discourse	0.0000	0.0000	0.0000
acl	0.8095	0.5384	0.6057
csubj	0.2679	0.3571	0.2976
ccomp	0.5179	0.5179	0.5179
det	0.9732	0.9702	0.9685
vocative	0.0000	0.0000	0.0000
advmod	0.8869	0.8981	0.8854
mark	0.8750	0.8236	0.8360
nmod	0.8742	0.8569	0.8618
punct	0.9810	0.9635	0.9721
reparandum	0.0000	0.0000	0.0000
amod	0.9381	0.8454	0.8870
xcomp	0.2905	0.2755	0.2708
cop	0.5982	0.4962	0.5362
nsubj	0.8418	0.8499	0.8444
dep	0.0000	0.0000	0.0000
iobj	0.3571	0.3571	0.3571
clf	0.0000	0.0000	0.0000
dislocated	0.0000	0.0000	0.0000
list	0.0000	0.0000	0.0000
parataxis	0.3095	0.2628	0.2727
obj	0.6887	0.7336	0.6954
root	0.8282	0.7500	0.7781
TOTAL	0.8371	0.8289	0.8330

Average scores for time period 1850-1900(5 samples with a total of 24 sentences):
Metric	Precision	Recall	F1
compound	0.4167	0.4167	0.4167
expl	0.0000	0.0000	0.0000
fixed	0.2500	0.2500	0.2500
obl	0.8843	0.8406	0.8591
nummod	0.1250	0.1250	0.1250
flat	0.4167	0.3125	0.3472
advcl	0.5694	0.6042	0.5679
cc	1.0000	0.8958	0.9306
goeswith	0.0000	0.0000	0.0000
aux	0.4688	0.4479	0.4326
case	0.9792	0.9255	0.9494
conj	0.7431	0.7715	0.7500
orphan	0.0000	0.0000	0.0000
appos	0.3333	0.2292	0.2639
discourse	0.0000	0.0000	0.0000
acl	0.7500	0.6250	0.6769
csubj	0.0000	0.0000	0.0000
ccomp	0.1250	0.2500	0.1667
det	0.9811	1.0000	0.9901
vocative	0.0000	0.0000	0.0000
advmod	0.8038	0.8875	0.8383
mark	0.8103	0.9427	0.8531
nmod	0.8611	0.8753	0.8471
punct	1.0000	1.0000	1.0000
reparandum	0.0000	0.0000	0.0000
amod	1.0000	0.9702	0.9840
xcomp	0.7917	0.4167	0.5444
cop	0.6667	0.6667	0.6667
nsubj	0.8666	0.9701	0.9140
dep	0.0000	0.0000	0.0000
iobj	0.0000	0.0000	0.0000
clf	0.0000	0.0000	0.0000
dislocated	0.2500	0.2500	0.2500
list	0.0000	0.0000	0.0000
parataxis	0.1042	0.2083	0.1389
obj	0.8371	0.7776	0.7998
root	0.7976	0.7917	0.7898
TOTAL	0.8780	0.8764	0.8772

Average scores for time period 1900-1950(5 samples with a total of 25 sentences):
Metric	Precision	Recall	F1
compound	0.9500	0.9500	0.9500
expl	0.2000	0.2000	0.2000
fixed	0.1000	0.2000	0.1333
obl	0.8833	0.8278	0.8467
nummod	0.0000	0.0000	0.0000
flat	0.2000	0.2000	0.2000
advcl	0.4857	0.7200	0.5600
cc	1.0000	0.9600	0.9778
goeswith	0.0000	0.0000	0.0000
aux	0.9333	0.9750	0.9467
case	0.9958	0.9374	0.9647
conj	0.7643	0.8363	0.7825
orphan	0.0000	0.0000	0.0000
appos	0.4000	0.4667	0.4286
discourse	0.2000	0.2000	0.2000
acl	0.8900	0.9167	0.8965
csubj	0.2000	0.1000	0.1333
ccomp	0.4000	0.3333	0.3600
det	0.9895	0.9750	0.9813
vocative	0.0000	0.0000	0.0000
advmod	0.9292	0.9609	0.9444
mark	0.8445	1.0000	0.9084
nmod	0.9382	0.8949	0.9059
punct	1.0000	0.9886	0.9941
reparandum	0.0000	0.0000	0.0000
amod	0.9632	0.9931	0.9771
xcomp	0.9500	0.5914	0.7033
cop	0.6000	0.6000	0.6000
nsubj	0.8598	0.9141	0.8823
dep	0.0000	0.0000	0.0000
iobj	0.4000	0.4000	0.4000
clf	0.0000	0.0000	0.0000
dislocated	0.0000	0.0000	0.0000
list	0.0000	0.0000	0.0000
parataxis	0.2000	0.2000	0.2000
obj	0.8333	0.9333	0.8681
root	0.7800	0.8000	0.7891
TOTAL	0.9058	0.9043	0.9050

