Sample: svediakorp-sec452-NyblomH_FantasierFyra, time period: 1850-1900
Metric	Precision	Recall	F1
expl	0.0000	0.0000	0.0000
flat	0.0000	0.0000	0.0000
iobj	0.0000	0.0000	0.0000
vocative	0.0000	0.0000	0.0000
clf	0.0000	0.0000	0.0000
cc	0.0000	0.0000	0.0000
xcomp	0.0000	0.0000	0.0000
root	0.4000	0.4000	0.4000
orphan	0.0000	0.0000	0.0000
goeswith	0.0000	0.0000	0.0000
cop	0.0000	0.0000	0.0000
dep	0.0000	0.0000	0.0000
punct	1.0000	1.0000	1.0000
mark	0.0000	0.0000	0.0000
list	0.0000	0.0000	0.0000
aux	0.0000	0.0000	0.0000
advcl	0.0000	0.0000	0.0000
appos	0.0000	0.0000	0.0000
det	0.6667	1.0000	0.8000
amod	0.0000	0.0000	0.0000
fixed	0.0000	0.0000	0.0000
nummod	0.0000	0.0000	0.0000
parataxis	0.0000	0.0000	0.0000
reparandum	0.0000	0.0000	0.0000
dislocated	0.0000	0.0000	0.0000
ccomp	0.0000	0.0000	0.0000
csubj	0.0000	0.0000	0.0000
advmod	0.1842	1.0000	0.3111
nmod	0.0000	0.0000	0.0000
obj	0.2500	0.6154	0.3556
compound	0.0000	0.0000	0.0000
case	0.9048	0.9500	0.9268
conj	0.0000	0.0000	0.0000
obl	0.0000	0.0000	0.0000
discourse	0.0000	0.0000	0.0000
acl	0.0000	0.0000	0.0000
nsubj	0.4865	0.8182	0.6102
TOTAL	0.5294	0.5294	0.5294

Sample: svediakorp-sec486-SchwartzMS_BellmansSkor, time period: 1850-1900
Metric	Precision	Recall	F1
expl	0.0000	0.0000	0.0000
flat	0.0000	0.0000	0.0000
iobj	0.0000	0.0000	0.0000
vocative	0.0000	0.0000	0.0000
clf	0.0000	0.0000	0.0000
cc	0.0000	0.0000	0.0000
xcomp	0.0000	0.0000	0.0000
root	0.1667	0.2000	0.1818
orphan	0.0000	0.0000	0.0000
goeswith	0.0000	0.0000	0.0000
cop	0.0000	0.0000	0.0000
dep	0.0000	0.0000	0.0000
punct	1.0000	1.0000	1.0000
mark	0.0000	0.0000	0.0000
list	0.0000	0.0000	0.0000
aux	0.0000	0.0000	0.0000
advcl	0.0000	0.0000	0.0000
appos	0.0000	0.0000	0.0000
det	0.8571	1.0000	0.9231
amod	0.4286	0.6000	0.5000
fixed	0.0000	0.0000	0.0000
nummod	0.0000	0.0000	0.0000
parataxis	0.0000	0.0000	0.0000
reparandum	0.0000	0.0000	0.0000
dislocated	0.0000	0.0000	0.0000
ccomp	0.0000	0.0000	0.0000
csubj	0.0000	0.0000	0.0000
advmod	0.2333	0.8750	0.3684
nmod	0.0000	0.0000	0.0000
obj	0.1176	0.5000	0.1905
compound	0.0000	0.0000	0.0000
case	0.8333	0.7692	0.8000
conj	0.0000	0.0000	0.0000
obl	0.0000	0.0000	0.0000
discourse	0.0000	0.0000	0.0000
acl	0.0000	0.0000	0.0000
nsubj	0.4375	0.5385	0.4828
TOTAL	0.4454	0.4454	0.4454

Sample: svediakorp-sec277-EnbomPU_MedborgeligtSkalde, time period: 1750-1800
Metric	Precision	Recall	F1
expl	0.0000	0.0000	0.0000
flat	0.0000	0.0000	0.0000
iobj	0.0000	0.0000	0.0000
vocative	0.0000	0.0000	0.0000
clf	0.0000	0.0000	0.0000
cc	0.0000	0.0000	0.0000
xcomp	0.0000	0.0000	0.0000
root	0.1818	0.2500	0.2105
orphan	0.0000	0.0000	0.0000
goeswith	0.0000	0.0000	0.0000
cop	0.0000	0.0000	0.0000
dep	0.0000	0.0000	0.0000
punct	1.0000	1.0000	1.0000
mark	0.0000	0.0000	0.0000
list	0.0000	0.0000	0.0000
aux	0.0000	0.0000	0.0000
advcl	0.0000	0.0000	0.0000
appos	0.0000	0.0000	0.0000
det	0.6154	0.8000	0.6957
amod	0.4286	0.2308	0.3000
fixed	0.0000	0.0000	0.0000
nummod	0.0000	0.0000	0.0000
parataxis	0.0000	0.0000	0.0000
reparandum	0.0000	0.0000	0.0000
dislocated	0.0000	0.0000	0.0000
ccomp	0.0000	0.0000	0.0000
csubj	0.0000	0.0000	0.0000
advmod	0.2034	0.9231	0.3333
nmod	0.0000	0.0000	0.0000
obj	0.2581	0.4211	0.3200
compound	0.0000	0.0000	0.0000
case	0.7692	0.9524	0.8511
conj	0.0000	0.0000	0.0000
obl	1.0000	0.0625	0.1176
discourse	0.0000	0.0000	0.0000
acl	0.0000	0.0000	0.0000
nsubj	0.2727	0.7895	0.4054
TOTAL	0.4219	0.4219	0.4219

Sample: svediakorp-sec991-spf148, time period: 1800-1850
Metric	Precision	Recall	F1
expl	0.0000	0.0000	0.0000
flat	0.0000	0.0000	0.0000
iobj	0.0000	0.0000	0.0000
vocative	0.0000	0.0000	0.0000
clf	0.0000	0.0000	0.0000
cc	0.0000	0.0000	0.0000
xcomp	0.0000	0.0000	0.0000
root	0.6250	0.6250	0.6250
orphan	0.0000	0.0000	0.0000
goeswith	0.0000	0.0000	0.0000
cop	0.0000	0.0000	0.0000
dep	0.0000	0.0000	0.0000
punct	0.9189	0.9714	0.9444
mark	0.0000	0.0000	0.0000
list	0.0000	0.0000	0.0000
aux	0.0000	0.0000	0.0000
advcl	0.0000	0.0000	0.0000
appos	0.0000	0.0000	0.0000
det	0.7778	0.8750	0.8235
amod	0.3077	0.2000	0.2424
fixed	0.0000	0.0000	0.0000
nummod	0.0000	0.0000	0.0000
parataxis	0.0000	0.0000	0.0000
reparandum	0.0000	0.0000	0.0000
dislocated	0.0000	0.0000	0.0000
ccomp	0.0000	0.0000	0.0000
csubj	0.0000	0.0000	0.0000
advmod	0.2609	1.0000	0.4138
nmod	0.0000	0.0000	0.0000
obj	0.2286	0.5714	0.3265
compound	0.0000	0.0000	0.0000
case	0.7895	1.0000	0.8824
conj	0.0000	0.0000	0.0000
obl	0.0000	0.0000	0.0000
discourse	0.0000	0.0000	0.0000
acl	0.0000	0.0000	0.0000
nsubj	0.1864	0.7857	0.3014
TOTAL	0.4627	0.4664	0.4646

Sample: svediakorp-sec631-HasselskogN_HallaHallaGronkoping, time period: 1900-1950
Metric	Precision	Recall	F1
expl	0.0000	0.0000	0.0000
flat	0.0000	0.0000	0.0000
iobj	0.0000	0.0000	0.0000
vocative	0.0000	0.0000	0.0000
clf	0.0000	0.0000	0.0000
cc	0.0000	0.0000	0.0000
xcomp	0.0000	0.0000	0.0000
root	0.0000	0.0000	0.0000
orphan	0.0000	0.0000	0.0000
goeswith	0.0000	0.0000	0.0000
cop	0.0000	0.0000	0.0000
dep	0.0000	0.0000	0.0000
punct	1.0000	1.0000	1.0000
mark	0.0000	0.0000	0.0000
list	0.0000	0.0000	0.0000
aux	0.0000	0.0000	0.0000
advcl	0.0000	0.0000	0.0000
appos	0.0000	0.0000	0.0000
det	0.7143	0.8333	0.7692
amod	0.0000	0.0000	0.0000
fixed	0.0000	0.0000	0.0000
nummod	0.0000	0.0000	0.0000
parataxis	0.0000	0.0000	0.0000
reparandum	0.0000	0.0000	0.0000
dislocated	0.0000	0.0000	0.0000
ccomp	0.0000	0.0000	0.0000
csubj	0.0000	0.0000	0.0000
advmod	0.2568	0.8636	0.3958
nmod	0.0000	0.0000	0.0000
obj	0.1200	0.4000	0.1846
compound	0.0000	0.0000	0.0000
case	0.8367	0.7885	0.8119
conj	0.0000	0.0000	0.0000
obl	0.5000	0.0833	0.1429
discourse	0.0000	0.0000	0.0000
acl	0.0000	0.0000	0.0000
nsubj	0.1277	0.7059	0.2162
TOTAL	0.3797	0.3797	0.3797

Sample: svediakorp-sec252-BremerF_Teckningar1, time period: 1800-1850
Metric	Precision	Recall	F1
expl	0.0000	0.0000	0.0000
flat	0.0000	0.0000	0.0000
iobj	0.0000	0.0000	0.0000
vocative	0.0000	0.0000	0.0000
clf	0.0000	0.0000	0.0000
cc	0.0000	0.0000	0.0000
xcomp	0.0000	0.0000	0.0000
root	1.0000	1.0000	1.0000
orphan	0.0000	0.0000	0.0000
goeswith	0.0000	0.0000	0.0000
cop	0.0000	0.0000	0.0000
dep	0.0000	0.0000	0.0000
punct	0.9000	1.0000	0.9474
mark	0.0000	0.0000	0.0000
list	0.0000	0.0000	0.0000
aux	0.0000	0.0000	0.0000
advcl	0.0000	0.0000	0.0000
appos	0.0000	0.0000	0.0000
det	1.0000	1.0000	1.0000
amod	0.0000	0.0000	0.0000
fixed	0.0000	0.0000	0.0000
nummod	0.0000	0.0000	0.0000
parataxis	0.0000	0.0000	0.0000
reparandum	0.0000	0.0000	0.0000
dislocated	0.0000	0.0000	0.0000
ccomp	0.0000	0.0000	0.0000
csubj	0.0000	0.0000	0.0000
advmod	0.2353	1.0000	0.3810
nmod	0.0000	0.0000	0.0000
obj	0.3750	1.0000	0.5455
compound	0.0000	0.0000	0.0000
case	1.0000	0.6667	0.8000
conj	0.0000	0.0000	0.0000
obl	0.0000	0.0000	0.0000
discourse	0.0000	0.0000	0.0000
acl	0.0000	0.0000	0.0000
nsubj	0.5000	0.6250	0.5556
TOTAL	0.5556	0.5556	0.5556

Sample: svediakorp-sec1102-spf259, time period: 1850-1900
Metric	Precision	Recall	F1
expl	0.0000	0.0000	0.0000
flat	0.0000	0.0000	0.0000
iobj	0.0000	0.0000	0.0000
vocative	0.0000	0.0000	0.0000
clf	0.0000	0.0000	0.0000
cc	0.0000	0.0000	0.0000
xcomp	0.0000	0.0000	0.0000
root	0.4000	0.4000	0.4000
orphan	0.0000	0.0000	0.0000
goeswith	0.0000	0.0000	0.0000
cop	0.0000	0.0000	0.0000
dep	0.0000	0.0000	0.0000
punct	1.0000	1.0000	1.0000
mark	0.0000	0.0000	0.0000
list	0.0000	0.0000	0.0000
aux	0.0000	0.0000	0.0000
advcl	0.0000	0.0000	0.0000
appos	0.0000	0.0000	0.0000
det	1.0000	1.0000	1.0000
amod	0.3333	0.0769	0.1250
fixed	0.0000	0.0000	0.0000
nummod	0.0000	0.0000	0.0000
parataxis	0.0000	0.0000	0.0000
reparandum	0.0000	0.0000	0.0000
dislocated	0.0000	0.0000	0.0000
ccomp	0.0000	0.0000	0.0000
csubj	0.0000	0.0000	0.0000
advmod	0.2800	0.9333	0.4308
nmod	0.0000	0.0000	0.0000
obj	0.0968	0.6000	0.1667
compound	0.0000	0.0000	0.0000
case	0.8400	1.0000	0.9130
conj	0.0000	0.0000	0.0000
obl	0.0000	0.0000	0.0000
discourse	0.0000	0.0000	0.0000
acl	0.0000	0.0000	0.0000
nsubj	0.2121	0.4667	0.2917
TOTAL	0.4628	0.4628	0.4628

Sample: svediakorp-letter141673-Stalhammar, time period: 1700-1750
Metric	Precision	Recall	F1
expl	0.0000	0.0000	0.0000
flat	0.0000	0.0000	0.0000
iobj	0.0000	0.0000	0.0000
vocative	0.0000	0.0000	0.0000
clf	0.0000	0.0000	0.0000
cc	0.0000	0.0000	0.0000
xcomp	0.0000	0.0000	0.0000
root	0.1429	0.2000	0.1667
orphan	0.0000	0.0000	0.0000
goeswith	0.0000	0.0000	0.0000
cop	0.0000	0.0000	0.0000
dep	0.0000	0.0000	0.0000
punct	0.1667	0.1667	0.1667
mark	0.0000	0.0000	0.0000
list	0.0000	0.0000	0.0000
aux	0.0000	0.0000	0.0000
advcl	0.0000	0.0000	0.0000
appos	0.0000	0.0000	0.0000
det	0.0000	0.0000	0.0000
amod	0.0000	0.0000	0.0000
fixed	0.0000	0.0000	0.0000
nummod	0.0000	0.0000	0.0000
parataxis	0.0000	0.0000	0.0000
reparandum	0.0000	0.0000	0.0000
dislocated	0.0000	0.0000	0.0000
ccomp	0.0000	0.0000	0.0000
csubj	0.0000	0.0000	0.0000
advmod	0.0000	0.0000	0.0000
nmod	0.0000	0.0000	0.0000
obj	0.0476	0.2000	0.0769
compound	0.0000	0.0000	0.0000
case	0.2143	0.1579	0.1818
conj	0.0000	0.0000	0.0000
obl	0.0000	0.0000	0.0000
discourse	0.0000	0.0000	0.0000
acl	0.0000	0.0000	0.0000
nsubj	0.0000	0.0000	0.0000
TOTAL	0.0476	0.0449	0.0462

Sample: svediakorp-sec208-Anonym_DetGrasligaMordet, time period: 1850-1900
Metric	Precision	Recall	F1
expl	0.0000	0.0000	0.0000
flat	0.0000	0.0000	0.0000
iobj	0.0000	0.0000	0.0000
vocative	0.0000	0.0000	0.0000
clf	0.0000	0.0000	0.0000
cc	0.0000	0.0000	0.0000
xcomp	0.0000	0.0000	0.0000
root	0.3333	0.3333	0.3333
orphan	0.0000	0.0000	0.0000
goeswith	0.0000	0.0000	0.0000
cop	0.0000	0.0000	0.0000
dep	0.0000	0.0000	0.0000
punct	1.0000	1.0000	1.0000
mark	0.0000	0.0000	0.0000
list	0.0000	0.0000	0.0000
aux	0.0000	0.0000	0.0000
advcl	0.0000	0.0000	0.0000
appos	0.0000	0.0000	0.0000
det	0.8750	0.8750	0.8750
amod	0.0000	0.0000	0.0000
fixed	0.0000	0.0000	0.0000
nummod	0.0000	0.0000	0.0000
parataxis	0.0000	0.0000	0.0000
reparandum	0.0000	0.0000	0.0000
dislocated	0.0000	0.0000	0.0000
ccomp	0.0000	0.0000	0.0000
csubj	0.0000	0.0000	0.0000
advmod	0.3158	0.8571	0.4615
nmod	0.0000	0.0000	0.0000
obj	0.0833	1.0000	0.1538
compound	0.0000	0.0000	0.0000
case	0.9231	0.8000	0.8571
conj	0.0000	0.0000	0.0000
obl	0.0000	0.0000	0.0000
discourse	0.0000	0.0000	0.0000
acl	0.0000	0.0000	0.0000
nsubj	0.1818	0.6667	0.2857
TOTAL	0.4167	0.4167	0.4167

Sample: svediakorp-sec613-EngstromA_StrindbergOchJag, time period: 1900-1950
Metric	Precision	Recall	F1
expl	0.0000	0.0000	0.0000
flat	0.0000	0.0000	0.0000
iobj	0.0000	0.0000	0.0000
vocative	0.0000	0.0000	0.0000
clf	0.0000	0.0000	0.0000
cc	0.0000	0.0000	0.0000
xcomp	0.0000	0.0000	0.0000
root	0.6000	0.6000	0.6000
orphan	0.0000	0.0000	0.0000
goeswith	0.0000	0.0000	0.0000
cop	0.0000	0.0000	0.0000
dep	0.0000	0.0000	0.0000
punct	1.0000	1.0000	1.0000
mark	0.0000	0.0000	0.0000
list	0.0000	0.0000	0.0000
aux	0.0000	0.0000	0.0000
advcl	0.0000	0.0000	0.0000
appos	0.0000	0.0000	0.0000
det	1.0000	0.7500	0.8571
amod	0.0000	0.0000	0.0000
fixed	0.0000	0.0000	0.0000
nummod	0.0000	0.0000	0.0000
parataxis	0.0000	0.0000	0.0000
reparandum	0.0000	0.0000	0.0000
dislocated	0.0000	0.0000	0.0000
ccomp	0.0000	0.0000	0.0000
csubj	0.0000	0.0000	0.0000
advmod	0.2903	1.0000	0.4500
nmod	0.5000	0.1111	0.1818
obj	0.1724	0.7143	0.2778
compound	0.0000	0.0000	0.0000
case	0.7917	0.9048	0.8444
conj	0.0000	0.0000	0.0000
obl	0.0000	0.0000	0.0000
discourse	0.0000	0.0000	0.0000
acl	0.0000	0.0000	0.0000
nsubj	0.3182	0.7778	0.4516
TOTAL	0.4599	0.4599	0.4599

Sample: svediakorp-sec324-GranbergPA_Enslighetsalskaren, time period: 1800-1850
Metric	Precision	Recall	F1
expl	0.0000	0.0000	0.0000
flat	0.0000	0.0000	0.0000
iobj	0.0000	0.0000	0.0000
vocative	0.0000	0.0000	0.0000
clf	0.0000	0.0000	0.0000
cc	0.0000	0.0000	0.0000
xcomp	0.0000	0.0000	0.0000
root	0.6000	0.6000	0.6000
orphan	0.0000	0.0000	0.0000
goeswith	0.0000	0.0000	0.0000
cop	0.0000	0.0000	0.0000
dep	0.0000	0.0000	0.0000
punct	1.0000	1.0000	1.0000
mark	0.0000	0.0000	0.0000
list	0.0000	0.0000	0.0000
aux	0.0000	0.0000	0.0000
advcl	0.0000	0.0000	0.0000
appos	0.0000	0.0000	0.0000
det	0.5000	0.8333	0.6250
amod	0.0000	0.0000	0.0000
fixed	0.0000	0.0000	0.0000
nummod	0.0000	0.0000	0.0000
parataxis	0.0000	0.0000	0.0000
reparandum	0.0000	0.0000	0.0000
dislocated	0.0000	0.0000	0.0000
ccomp	0.0000	0.0000	0.0000
csubj	0.0000	0.0000	0.0000
advmod	0.2766	0.8125	0.4127
nmod	0.0000	0.0000	0.0000
obj	0.2500	0.5455	0.3429
compound	0.0000	0.0000	0.0000
case	0.8889	0.8889	0.8889
conj	0.0000	0.0000	0.0000
obl	0.0000	0.0000	0.0000
discourse	0.0000	0.0000	0.0000
acl	0.0000	0.0000	0.0000
nsubj	0.4545	0.7143	0.5556
TOTAL	0.4638	0.4604	0.4621

Sample: svediakorp-sec1033-spf190, time period: 1900-1950
Metric	Precision	Recall	F1
expl	0.0000	0.0000	0.0000
flat	0.0000	0.0000	0.0000
iobj	0.0000	0.0000	0.0000
vocative	0.0000	0.0000	0.0000
clf	0.0000	0.0000	0.0000
cc	0.0000	0.0000	0.0000
xcomp	0.0000	0.0000	0.0000
root	0.6000	0.6000	0.6000
orphan	0.0000	0.0000	0.0000
goeswith	0.0000	0.0000	0.0000
cop	0.0000	0.0000	0.0000
dep	0.0000	0.0000	0.0000
punct	1.0000	1.0000	1.0000
mark	0.0000	0.0000	0.0000
list	0.0000	0.0000	0.0000
aux	0.0000	0.0000	0.0000
advcl	0.0000	0.0000	0.0000
appos	0.0000	0.0000	0.0000
det	0.6667	1.0000	0.8000
amod	0.0000	0.0000	0.0000
fixed	0.0000	0.0000	0.0000
nummod	0.0000	0.0000	0.0000
parataxis	0.0000	0.0000	0.0000
reparandum	0.0000	0.0000	0.0000
dislocated	0.0000	0.0000	0.0000
ccomp	0.0000	0.0000	0.0000
csubj	0.0000	0.0000	0.0000
advmod	0.4000	1.0000	0.5714
nmod	0.0000	0.0000	0.0000
obj	0.1053	0.5000	0.1739
compound	0.0000	0.0000	0.0000
case	0.8333	0.8333	0.8333
conj	0.0000	0.0000	0.0000
obl	0.0000	0.0000	0.0000
discourse	0.0000	0.0000	0.0000
acl	0.0000	0.0000	0.0000
nsubj	0.3077	0.6667	0.4211
TOTAL	0.4646	0.4646	0.4646

Sample: svediakorp-sec25-Runius, time period: 1700-1750
Metric	Precision	Recall	F1
expl	0.0000	0.0000	0.0000
flat	0.0000	0.0000	0.0000
iobj	0.0000	0.0000	0.0000
vocative	0.0000	0.0000	0.0000
clf	0.0000	0.0000	0.0000
cc	1.0000	1.0000	1.0000
xcomp	0.0000	0.0000	0.0000
root	0.6000	0.6000	0.6000
orphan	0.0000	0.0000	0.0000
goeswith	0.0000	0.0000	0.0000
cop	0.0000	0.0000	0.0000
dep	0.0000	0.0000	0.0000
punct	1.0000	1.0000	1.0000
mark	0.0000	0.0000	0.0000
list	0.0000	0.0000	0.0000
aux	0.0000	0.0000	0.0000
advcl	0.0000	0.0000	0.0000
appos	0.0000	0.0000	0.0000
det	0.5000	1.0000	0.6667
amod	0.0000	0.0000	0.0000
fixed	0.0000	0.0000	0.0000
nummod	0.0000	0.0000	0.0000
parataxis	0.0000	0.0000	0.0000
reparandum	0.0000	0.0000	0.0000
dislocated	0.0000	0.0000	0.0000
ccomp	0.0000	0.0000	0.0000
csubj	0.0000	0.0000	0.0000
advmod	0.4167	0.8333	0.5556
nmod	0.0000	0.0000	0.0000
obj	0.3000	1.0000	0.4615
compound	0.0000	0.0000	0.0000
case	1.0000	1.0000	1.0000
conj	0.0000	0.0000	0.0000
obl	0.0000	0.0000	0.0000
discourse	0.0000	0.0000	0.0000
acl	0.0000	0.0000	0.0000
nsubj	0.5000	0.6000	0.5455
TOTAL	0.5400	0.5510	0.5455

Sample: svediakorp-sec254-CederborghF_BerattelseOmJohnHall, time period: 1800-1850
Metric	Precision	Recall	F1
expl	0.0000	0.0000	0.0000
flat	0.0000	0.0000	0.0000
iobj	0.0000	0.0000	0.0000
vocative	0.0000	0.0000	0.0000
clf	0.0000	0.0000	0.0000
cc	0.0000	0.0000	0.0000
xcomp	0.0000	0.0000	0.0000
root	0.3333	0.4000	0.3636
orphan	0.0000	0.0000	0.0000
goeswith	0.0000	0.0000	0.0000
cop	0.0000	0.0000	0.0000
dep	0.0000	0.0000	0.0000
punct	0.9697	1.0000	0.9846
mark	0.0000	0.0000	0.0000
list	0.0000	0.0000	0.0000
aux	0.0000	0.0000	0.0000
advcl	0.0000	0.0000	0.0000
appos	0.0000	0.0000	0.0000
det	0.7857	0.8462	0.8148
amod	1.0000	0.0769	0.1429
fixed	0.0000	0.0000	0.0000
nummod	0.0000	0.0000	0.0000
parataxis	0.0000	0.0000	0.0000
reparandum	0.0000	0.0000	0.0000
dislocated	0.0000	0.0000	0.0000
ccomp	0.0000	0.0000	0.0000
csubj	0.0000	0.0000	0.0000
advmod	0.2667	0.8000	0.4000
nmod	0.0000	0.0000	0.0000
obj	0.1034	0.3333	0.1579
compound	0.0000	0.0000	0.0000
case	0.6957	0.6667	0.6809
conj	0.0000	0.0000	0.0000
obl	0.2857	0.1176	0.1667
discourse	0.0000	0.0000	0.0000
acl	0.0000	0.0000	0.0000
nsubj	0.2698	0.8500	0.4096
TOTAL	0.4149	0.4167	0.4158

Sample: svediakorp-sec397-AngeredStrandbergH_UnderSodernsSol, time period: 1900-1950
Metric	Precision	Recall	F1
expl	0.0000	0.0000	0.0000
flat	0.0000	0.0000	0.0000
iobj	0.0000	0.0000	0.0000
vocative	0.0000	0.0000	0.0000
clf	0.0000	0.0000	0.0000
cc	0.0000	0.0000	0.0000
xcomp	0.0000	0.0000	0.0000
root	0.4000	0.4000	0.4000
orphan	0.0000	0.0000	0.0000
goeswith	0.0000	0.0000	0.0000
cop	0.0000	0.0000	0.0000
dep	0.0000	0.0000	0.0000
punct	1.0000	1.0000	1.0000
mark	0.0000	0.0000	0.0000
list	0.0000	0.0000	0.0000
aux	0.0000	0.0000	0.0000
advcl	0.0000	0.0000	0.0000
appos	0.0000	0.0000	0.0000
det	0.7500	0.9000	0.8182
amod	0.2000	0.0625	0.0952
fixed	0.0000	0.0000	0.0000
nummod	0.0000	0.0000	0.0000
parataxis	0.0000	0.0000	0.0000
reparandum	0.0000	0.0000	0.0000
dislocated	0.0000	0.0000	0.0000
ccomp	0.0000	0.0000	0.0000
csubj	0.0000	0.0000	0.0000
advmod	0.2745	0.9333	0.4242
nmod	0.0000	0.0000	0.0000
obj	0.0312	0.2500	0.0556
compound	0.0000	0.0000	0.0000
case	0.7391	0.8500	0.7907
conj	0.0000	0.0000	0.0000
obl	0.0000	0.0000	0.0000
discourse	0.0000	0.0000	0.0000
acl	0.0000	0.0000	0.0000
nsubj	0.1463	0.3529	0.2069
TOTAL	0.3387	0.3387	0.3387

Sample: svediakorp-sec330-GyllenborgC_SwenskaSpratthoken, time period: 1700-1750
Metric	Precision	Recall	F1
expl	0.0000	0.0000	0.0000
flat	0.0000	0.0000	0.0000
iobj	0.0000	0.0000	0.0000
vocative	0.0000	0.0000	0.0000
clf	0.0000	0.0000	0.0000
cc	0.0000	0.0000	0.0000
xcomp	0.0000	0.0000	0.0000
root	0.3333	0.4000	0.3636
orphan	0.0000	0.0000	0.0000
goeswith	0.0000	0.0000	0.0000
cop	0.0000	0.0000	0.0000
dep	0.0000	0.0000	0.0000
punct	0.9535	0.9762	0.9647
mark	0.0000	0.0000	0.0000
list	0.0000	0.0000	0.0000
aux	0.0000	0.0000	0.0000
advcl	0.0000	0.0000	0.0000
appos	0.0000	0.0000	0.0000
det	0.7059	0.8000	0.7500
amod	0.0000	0.0000	0.0000
fixed	0.0000	0.0000	0.0000
nummod	0.0000	0.0000	0.0000
parataxis	0.0000	0.0000	0.0000
reparandum	0.0000	0.0000	0.0000
dislocated	0.0000	0.0000	0.0000
ccomp	0.0000	0.0000	0.0000
csubj	0.0000	0.0000	0.0000
advmod	0.2031	0.8387	0.3270
nmod	0.0000	0.0000	0.0000
obj	0.2128	0.4167	0.2817
compound	0.0000	0.0000	0.0000
case	0.7333	0.4783	0.5789
conj	0.0000	0.0000	0.0000
obl	0.1818	0.1053	0.1333
discourse	0.0000	0.0000	0.0000
acl	0.0000	0.0000	0.0000
nsubj	0.2651	0.6875	0.3826
TOTAL	0.3549	0.3559	0.3554

Sample: svediakorp-sec639-HeidenstamV_Proletarfilosofiens, time period: 1900-1950
Metric	Precision	Recall	F1
expl	0.0000	0.0000	0.0000
flat	0.0000	0.0000	0.0000
iobj	0.0000	0.0000	0.0000
vocative	0.0000	0.0000	0.0000
clf	0.0000	0.0000	0.0000
cc	0.0000	0.0000	0.0000
xcomp	0.0000	0.0000	0.0000
root	0.8000	0.8000	0.8000
orphan	0.0000	0.0000	0.0000
goeswith	0.0000	0.0000	0.0000
cop	0.0000	0.0000	0.0000
dep	0.0000	0.0000	0.0000
punct	1.0000	1.0000	1.0000
mark	0.0000	0.0000	0.0000
list	0.0000	0.0000	0.0000
aux	0.0000	0.0000	0.0000
advcl	0.0000	0.0000	0.0000
appos	0.0000	0.0000	0.0000
det	0.7273	0.8889	0.8000
amod	0.0000	0.0000	0.0000
fixed	0.0000	0.0000	0.0000
nummod	0.0000	0.0000	0.0000
parataxis	0.0000	0.0000	0.0000
reparandum	0.0000	0.0000	0.0000
dislocated	0.0000	0.0000	0.0000
ccomp	0.0000	0.0000	0.0000
csubj	0.0000	0.0000	0.0000
advmod	0.3214	1.0000	0.4865
nmod	0.5000	0.0833	0.1429
obj	0.2500	0.5000	0.3333
compound	0.0000	0.0000	0.0000
case	0.6957	0.9412	0.8000
conj	0.0000	0.0000	0.0000
obl	0.0000	0.0000	0.0000
discourse	0.0000	0.0000	0.0000
acl	0.0000	0.0000	0.0000
nsubj	0.2258	0.7778	0.3500
TOTAL	0.4296	0.4296	0.4296

Sample: svediakorp-sec268-DulciU_VitterhetsNojen3, time period: 1750-1800
Metric	Precision	Recall	F1
expl	0.0000	0.0000	0.0000
flat	0.0000	0.0000	0.0000
iobj	0.0000	0.0000	0.0000
vocative	0.0000	0.0000	0.0000
clf	0.0000	0.0000	0.0000
cc	0.0000	0.0000	0.0000
xcomp	0.0000	0.0000	0.0000
root	0.2500	0.3333	0.2857
orphan	0.0000	0.0000	0.0000
goeswith	0.0000	0.0000	0.0000
cop	0.0000	0.0000	0.0000
dep	0.0000	0.0000	0.0000
punct	0.4000	0.4000	0.4000
mark	0.0000	0.0000	0.0000
list	0.0000	0.0000	0.0000
aux	0.0000	0.0000	0.0000
advcl	0.0000	0.0000	0.0000
appos	0.0000	0.0000	0.0000
det	0.5435	0.5102	0.5263
amod	0.0000	0.0000	0.0000
fixed	0.0000	0.0000	0.0000
nummod	0.0000	0.0000	0.0000
parataxis	0.0000	0.0000	0.0000
reparandum	0.0000	0.0000	0.0000
dislocated	0.0000	0.0000	0.0000
ccomp	0.0000	0.0000	0.0000
csubj	0.0000	0.0000	0.0000
advmod	0.1123	0.4286	0.1780
nmod	0.0000	0.0000	0.0000
obj	0.0737	0.2258	0.1111
compound	0.0000	0.0000	0.0000
case	0.3875	0.4366	0.4106
conj	0.0000	0.0000	0.0000
obl	0.0000	0.0000	0.0000
discourse	0.0000	0.0000	0.0000
acl	0.0000	0.0000	0.0000
nsubj	0.0909	0.2857	0.1379
TOTAL	0.1981	0.1981	0.1981

Sample: svediakorp-sec987-spf144, time period: 1800-1850
Metric	Precision	Recall	F1
expl	0.0000	0.0000	0.0000
flat	0.0000	0.0000	0.0000
iobj	0.0000	0.0000	0.0000
vocative	0.0000	0.0000	0.0000
clf	0.0000	0.0000	0.0000
cc	0.0000	0.0000	0.0000
xcomp	0.0000	0.0000	0.0000
root	0.5000	0.6667	0.5714
orphan	0.0000	0.0000	0.0000
goeswith	0.0000	0.0000	0.0000
cop	0.0000	0.0000	0.0000
dep	0.0000	0.0000	0.0000
punct	0.8750	0.8750	0.8750
mark	0.0000	0.0000	0.0000
list	0.0000	0.0000	0.0000
aux	0.0000	0.0000	0.0000
advcl	0.0000	0.0000	0.0000
appos	0.0000	0.0000	0.0000
det	0.3333	0.6667	0.4444
amod	0.0000	0.0000	0.0000
fixed	0.0000	0.0000	0.0000
nummod	0.0000	0.0000	0.0000
parataxis	0.0000	0.0000	0.0000
reparandum	0.0000	0.0000	0.0000
dislocated	0.0000	0.0000	0.0000
ccomp	0.0000	0.0000	0.0000
csubj	0.0000	0.0000	0.0000
advmod	0.1429	0.6667	0.2353
nmod	0.0000	0.0000	0.0000
obj	0.1176	0.6667	0.2000
compound	0.0000	0.0000	0.0000
case	0.9000	0.9000	0.9000
conj	0.0000	0.0000	0.0000
obl	0.0000	0.0000	0.0000
discourse	0.0000	0.0000	0.0000
acl	0.0000	0.0000	0.0000
nsubj	0.1250	0.2857	0.1739
TOTAL	0.3210	0.3210	0.3210

Sample: svediakorp-sec988-spf145, time period: 1800-1850
Metric	Precision	Recall	F1
expl	0.0000	0.0000	0.0000
flat	0.0000	0.0000	0.0000
iobj	0.0000	0.0000	0.0000
vocative	0.0000	0.0000	0.0000
clf	0.0000	0.0000	0.0000
cc	0.0000	0.0000	0.0000
xcomp	0.0000	0.0000	0.0000
root	0.2000	0.2000	0.2000
orphan	0.0000	0.0000	0.0000
goeswith	0.0000	0.0000	0.0000
cop	0.0000	0.0000	0.0000
dep	0.0000	0.0000	0.0000
punct	1.0000	1.0000	1.0000
mark	0.0000	0.0000	0.0000
list	0.0000	0.0000	0.0000
aux	0.0000	0.0000	0.0000
advcl	0.0000	0.0000	0.0000
appos	0.0000	0.0000	0.0000
det	0.8462	0.9167	0.8800
amod	0.0000	0.0000	0.0000
fixed	0.0000	0.0000	0.0000
nummod	0.0000	0.0000	0.0000
parataxis	0.0000	0.0000	0.0000
reparandum	0.0000	0.0000	0.0000
dislocated	0.0000	0.0000	0.0000
ccomp	0.0000	0.0000	0.0000
csubj	0.0000	0.0000	0.0000
advmod	0.2245	0.9167	0.3607
nmod	0.0000	0.0000	0.0000
obj	0.2414	0.7778	0.3684
compound	0.0000	0.0000	0.0000
case	1.0000	0.8235	0.9032
conj	0.0000	0.0000	0.0000
obl	0.0000	0.0000	0.0000
discourse	0.0000	0.0000	0.0000
acl	0.0000	0.0000	0.0000
nsubj	0.3548	0.6471	0.4583
TOTAL	0.4337	0.4337	0.4337

Sample: svediakorp-sec1063-spf220, time period: 1850-1900
Metric	Precision	Recall	F1
expl	0.0000	0.0000	0.0000
flat	0.0000	0.0000	0.0000
iobj	0.0000	0.0000	0.0000
vocative	0.0000	0.0000	0.0000
clf	0.0000	0.0000	0.0000
cc	0.0000	0.0000	0.0000
xcomp	0.0000	0.0000	0.0000
root	0.5000	0.5000	0.5000
orphan	0.0000	0.0000	0.0000
goeswith	0.0000	0.0000	0.0000
cop	0.0000	0.0000	0.0000
dep	0.0000	0.0000	0.0000
punct	1.0000	1.0000	1.0000
mark	0.0000	0.0000	0.0000
list	0.0000	0.0000	0.0000
aux	0.0000	0.0000	0.0000
advcl	0.0000	0.0000	0.0000
appos	0.0000	0.0000	0.0000
det	0.9167	1.0000	0.9565
amod	0.2500	0.0769	0.1176
fixed	0.0000	0.0000	0.0000
nummod	0.0000	0.0000	0.0000
parataxis	0.0000	0.0000	0.0000
reparandum	0.0000	0.0000	0.0000
dislocated	0.0000	0.0000	0.0000
ccomp	0.0000	0.0000	0.0000
csubj	0.0000	0.0000	0.0000
advmod	0.2581	0.8000	0.3902
nmod	0.2500	0.1250	0.1667
obj	0.3478	0.8000	0.4848
compound	0.0000	0.0000	0.0000
case	0.6923	0.9000	0.7826
conj	0.0000	0.0000	0.0000
obl	0.0000	0.0000	0.0000
discourse	0.0000	0.0000	0.0000
acl	0.0000	0.0000	0.0000
nsubj	0.4000	0.8571	0.5455
TOTAL	0.5034	0.5034	0.5034

----------------------------------------------------------------------
Average scores for time period 1700-1750(3 samples with a total of 15 sentences):
Metric	Precision	Recall	F1
expl	0.0000	0.0000	0.0000
flat	0.0000	0.0000	0.0000
iobj	0.0000	0.0000	0.0000
vocative	0.0000	0.0000	0.0000
clf	0.0000	0.0000	0.0000
cc	0.3333	0.3333	0.3333
xcomp	0.0000	0.0000	0.0000
root	0.3587	0.4000	0.3768
orphan	0.0000	0.0000	0.0000
goeswith	0.0000	0.0000	0.0000
cop	0.0000	0.0000	0.0000
dep	0.0000	0.0000	0.0000
punct	0.7067	0.7143	0.7105
mark	0.0000	0.0000	0.0000
list	0.0000	0.0000	0.0000
aux	0.0000	0.0000	0.0000
advcl	0.0000	0.0000	0.0000
appos	0.0000	0.0000	0.0000
det	0.4020	0.6000	0.4722
amod	0.0000	0.0000	0.0000
fixed	0.0000	0.0000	0.0000
nummod	0.0000	0.0000	0.0000
parataxis	0.0000	0.0000	0.0000
reparandum	0.0000	0.0000	0.0000
dislocated	0.0000	0.0000	0.0000
ccomp	0.0000	0.0000	0.0000
csubj	0.0000	0.0000	0.0000
advmod	0.2066	0.5573	0.2942
nmod	0.0000	0.0000	0.0000
obj	0.1868	0.5389	0.2734
compound	0.0000	0.0000	0.0000
case	0.6492	0.5454	0.5869
conj	0.0000	0.0000	0.0000
obl	0.0606	0.0351	0.0444
discourse	0.0000	0.0000	0.0000
acl	0.0000	0.0000	0.0000
nsubj	0.2550	0.4292	0.3094
TOTAL	0.3142	0.3173	0.3157

Average scores for time period 1750-1800(2 samples with a total of 17 sentences):
Metric	Precision	Recall	F1
expl	0.0000	0.0000	0.0000
flat	0.0000	0.0000	0.0000
iobj	0.0000	0.0000	0.0000
vocative	0.0000	0.0000	0.0000
clf	0.0000	0.0000	0.0000
cc	0.0000	0.0000	0.0000
xcomp	0.0000	0.0000	0.0000
root	0.2179	0.2941	0.2503
orphan	0.0000	0.0000	0.0000
goeswith	0.0000	0.0000	0.0000
cop	0.0000	0.0000	0.0000
dep	0.0000	0.0000	0.0000
punct	0.6824	0.6824	0.6824
mark	0.0000	0.0000	0.0000
list	0.0000	0.0000	0.0000
aux	0.0000	0.0000	0.0000
advcl	0.0000	0.0000	0.0000
appos	0.0000	0.0000	0.0000
det	0.5773	0.6466	0.6060
amod	0.2017	0.1086	0.1412
fixed	0.0000	0.0000	0.0000
nummod	0.0000	0.0000	0.0000
parataxis	0.0000	0.0000	0.0000
reparandum	0.0000	0.0000	0.0000
dislocated	0.0000	0.0000	0.0000
ccomp	0.0000	0.0000	0.0000
csubj	0.0000	0.0000	0.0000
advmod	0.1552	0.6613	0.2511
nmod	0.0000	0.0000	0.0000
obj	0.1605	0.3177	0.2094
compound	0.0000	0.0000	0.0000
case	0.5671	0.6793	0.6179
conj	0.0000	0.0000	0.0000
obl	0.4706	0.0294	0.0554
discourse	0.0000	0.0000	0.0000
acl	0.0000	0.0000	0.0000
nsubj	0.1765	0.5228	0.2638
TOTAL	0.3034	0.3034	0.3034

Average scores for time period 1800-1850(6 samples with a total of 28 sentences):
Metric	Precision	Recall	F1
expl	0.0000	0.0000	0.0000
flat	0.0000	0.0000	0.0000
iobj	0.0000	0.0000	0.0000
vocative	0.0000	0.0000	0.0000
clf	0.0000	0.0000	0.0000
cc	0.0000	0.0000	0.0000
xcomp	0.0000	0.0000	0.0000
root	0.5060	0.5357	0.5190
orphan	0.0000	0.0000	0.0000
goeswith	0.0000	0.0000	0.0000
cop	0.0000	0.0000	0.0000
dep	0.0000	0.0000	0.0000
punct	0.9509	0.9784	0.9642
mark	0.0000	0.0000	0.0000
list	0.0000	0.0000	0.0000
aux	0.0000	0.0000	0.0000
advcl	0.0000	0.0000	0.0000
appos	0.0000	0.0000	0.0000
det	0.7101	0.8565	0.7686
amod	0.2665	0.0709	0.0948
fixed	0.0000	0.0000	0.0000
nummod	0.0000	0.0000	0.0000
parataxis	0.0000	0.0000	0.0000
reparandum	0.0000	0.0000	0.0000
dislocated	0.0000	0.0000	0.0000
ccomp	0.0000	0.0000	0.0000
csubj	0.0000	0.0000	0.0000
advmod	0.2437	0.8802	0.3802
nmod	0.0000	0.0000	0.0000
obj	0.2109	0.6019	0.3089
compound	0.0000	0.0000	0.0000
case	0.8549	0.8546	0.8473
conj	0.0000	0.0000	0.0000
obl	0.0510	0.0210	0.0298
discourse	0.0000	0.0000	0.0000
acl	0.0000	0.0000	0.0000
nsubj	0.2951	0.6946	0.3986
TOTAL	0.4407	0.4414	0.4410

Average scores for time period 1850-1900(5 samples with a total of 24 sentences):
Metric	Precision	Recall	F1
expl	0.0000	0.0000	0.0000
flat	0.0000	0.0000	0.0000
iobj	0.0000	0.0000	0.0000
vocative	0.0000	0.0000	0.0000
clf	0.0000	0.0000	0.0000
cc	0.0000	0.0000	0.0000
xcomp	0.0000	0.0000	0.0000
root	0.3681	0.3750	0.3712
orphan	0.0000	0.0000	0.0000
goeswith	0.0000	0.0000	0.0000
cop	0.0000	0.0000	0.0000
dep	0.0000	0.0000	0.0000
punct	1.0000	1.0000	1.0000
mark	0.0000	0.0000	0.0000
list	0.0000	0.0000	0.0000
aux	0.0000	0.0000	0.0000
advcl	0.0000	0.0000	0.0000
appos	0.0000	0.0000	0.0000
det	0.8643	0.9844	0.9158
amod	0.2212	0.1603	0.1596
fixed	0.0000	0.0000	0.0000
nummod	0.0000	0.0000	0.0000
parataxis	0.0000	0.0000	0.0000
reparandum	0.0000	0.0000	0.0000
dislocated	0.0000	0.0000	0.0000
ccomp	0.0000	0.0000	0.0000
csubj	0.0000	0.0000	0.0000
advmod	0.2493	0.8922	0.3866
nmod	0.0625	0.0312	0.0417
obj	0.1941	0.6824	0.2889
compound	0.0000	0.0000	0.0000
case	0.8256	0.8915	0.8528
conj	0.0000	0.0000	0.0000
obl	0.0000	0.0000	0.0000
discourse	0.0000	0.0000	0.0000
acl	0.0000	0.0000	0.0000
nsubj	0.3594	0.6775	0.4605
TOTAL	0.4774	0.4774	0.4774

Average scores for time period 1900-1950(5 samples with a total of 25 sentences):
Metric	Precision	Recall	F1
expl	0.0000	0.0000	0.0000
flat	0.0000	0.0000	0.0000
iobj	0.0000	0.0000	0.0000
vocative	0.0000	0.0000	0.0000
clf	0.0000	0.0000	0.0000
cc	0.0000	0.0000	0.0000
xcomp	0.0000	0.0000	0.0000
root	0.4800	0.4800	0.4800
orphan	0.0000	0.0000	0.0000
goeswith	0.0000	0.0000	0.0000
cop	0.0000	0.0000	0.0000
dep	0.0000	0.0000	0.0000
punct	1.0000	1.0000	1.0000
mark	0.0000	0.0000	0.0000
list	0.0000	0.0000	0.0000
aux	0.0000	0.0000	0.0000
advcl	0.0000	0.0000	0.0000
appos	0.0000	0.0000	0.0000
det	0.7716	0.8744	0.8089
amod	0.0400	0.0125	0.0190
fixed	0.0000	0.0000	0.0000
nummod	0.0000	0.0000	0.0000
parataxis	0.0000	0.0000	0.0000
reparandum	0.0000	0.0000	0.0000
dislocated	0.0000	0.0000	0.0000
ccomp	0.0000	0.0000	0.0000
csubj	0.0000	0.0000	0.0000
advmod	0.3086	0.9594	0.4656
nmod	0.2000	0.0389	0.0649
obj	0.1358	0.4729	0.2050
compound	0.0000	0.0000	0.0000
case	0.7793	0.8635	0.8161
conj	0.0000	0.0000	0.0000
obl	0.1000	0.0167	0.0286
discourse	0.0000	0.0000	0.0000
acl	0.0000	0.0000	0.0000
nsubj	0.2251	0.6562	0.3292
TOTAL	0.4145	0.4145	0.4145

