Sample: svediakorp-sec452-NyblomH_FantasierFyra, time period: 1850-1900
Metric	Precision	Recall	F1
cc	0.8000	1.0000	0.8889
discourse	0.0000	0.0000	0.0000
dislocated	0.0000	0.0000	0.0000
compound	1.0000	1.0000	1.0000
orphan	0.0000	0.0000	0.0000
flat	0.0000	0.0000	0.0000
fixed	0.0000	0.0000	0.0000
nmod	0.9000	0.8182	0.8571
iobj	0.0000	0.0000	0.0000
list	0.0000	0.0000	0.0000
csubj	0.0000	0.0000	0.0000
expl	0.0000	0.0000	0.0000
acl	1.0000	0.8000	0.8889
dep	0.0000	0.0000	0.0000
xcomp	0.0000	0.0000	0.0000
ccomp	0.0000	0.0000	0.0000
obj	0.8333	0.7692	0.8000
mark	0.4286	1.0000	0.6000
reparandum	0.0000	0.0000	0.0000
obl	0.8824	0.8824	0.8824
aux	0.0000	0.0000	0.0000
punct	1.0000	1.0000	1.0000
advmod	0.6000	0.8571	0.7059
conj	1.0000	0.6000	0.7500
case	1.0000	0.9500	0.9744
parataxis	0.5000	1.0000	0.6667
det	0.9091	1.0000	0.9524
cop	0.0000	0.0000	0.0000
root	0.8000	0.8000	0.8000
nsubj	0.9500	0.8636	0.9048
goeswith	0.0000	0.0000	0.0000
nummod	0.0000	0.0000	0.0000
advcl	0.2500	0.5000	0.3333
vocative	0.0000	0.0000	0.0000
amod	1.0000	0.8571	0.9231
appos	0.5000	0.5000	0.5000
clf	0.0000	0.0000	0.0000
TOTAL	0.8610	0.8610	0.8610

Sample: svediakorp-sec486-SchwartzMS_BellmansSkor, time period: 1850-1900
Metric	Precision	Recall	F1
cc	1.0000	0.5000	0.6667
discourse	0.0000	0.0000	0.0000
dislocated	0.0000	0.0000	0.0000
compound	0.0000	0.0000	0.0000
orphan	0.0000	0.0000	0.0000
flat	1.0000	0.5000	0.6667
fixed	0.0000	0.0000	0.0000
nmod	0.6667	0.8000	0.7273
iobj	0.0000	0.0000	0.0000
list	0.0000	0.0000	0.0000
csubj	0.0000	0.0000	0.0000
expl	0.0000	0.0000	0.0000
acl	0.6000	0.6000	0.6000
dep	0.0000	0.0000	0.0000
xcomp	1.0000	0.5000	0.6667
ccomp	0.0000	0.0000	0.0000
obj	0.8000	1.0000	0.8889
mark	0.8333	1.0000	0.9091
reparandum	0.0000	0.0000	0.0000
obl	0.7778	0.7000	0.7368
aux	0.0000	0.0000	0.0000
punct	1.0000	1.0000	1.0000
advmod	0.6364	0.8750	0.7368
conj	0.6667	0.6667	0.6667
case	0.9091	0.7692	0.8333
parataxis	0.0000	0.0000	0.0000
det	1.0000	1.0000	1.0000
cop	1.0000	1.0000	1.0000
root	0.6000	0.6000	0.6000
nsubj	0.8571	0.9231	0.8889
goeswith	0.0000	0.0000	0.0000
nummod	1.0000	1.0000	1.0000
advcl	0.6667	0.6667	0.6667
vocative	0.0000	0.0000	0.0000
amod	1.0000	1.0000	1.0000
appos	0.0000	0.0000	0.0000
clf	0.0000	0.0000	0.0000
TOTAL	0.8235	0.8235	0.8235

Sample: svediakorp-sec277-EnbomPU_MedborgeligtSkalde, time period: 1750-1800
Metric	Precision	Recall	F1
cc	1.0000	1.0000	1.0000
discourse	0.0000	0.0000	0.0000
dislocated	0.0000	0.0000	0.0000
compound	0.0000	0.0000	0.0000
orphan	0.0000	0.0000	0.0000
flat	0.0000	0.0000	0.0000
fixed	0.0000	0.0000	0.0000
nmod	0.6667	0.8750	0.7568
iobj	0.0000	0.0000	0.0000
list	0.0000	0.0000	0.0000
csubj	0.0000	0.0000	0.0000
expl	0.0000	0.0000	0.0000
acl	0.6667	0.7500	0.7059
dep	0.0000	0.0000	0.0000
xcomp	1.0000	0.3636	0.5333
ccomp	0.5000	0.2500	0.3333
obj	0.7368	0.7368	0.7368
mark	1.0000	0.5385	0.7000
reparandum	0.0000	0.0000	0.0000
obl	0.6429	0.5625	0.6000
aux	0.8333	0.6250	0.7143
punct	1.0000	1.0000	1.0000
advmod	0.7857	0.8462	0.8148
conj	0.5000	0.6000	0.5455
case	0.8400	1.0000	0.9130
parataxis	0.0000	0.0000	0.0000
det	1.0000	1.0000	1.0000
cop	1.0000	1.0000	1.0000
root	0.5000	0.5000	0.5000
nsubj	0.7895	0.7895	0.7895
goeswith	0.0000	0.0000	0.0000
nummod	0.0000	0.0000	0.0000
advcl	0.2857	0.6667	0.4000
vocative	0.0000	0.0000	0.0000
amod	0.8462	0.8462	0.8462
appos	0.0000	0.0000	0.0000
clf	0.0000	0.0000	0.0000
TOTAL	0.7595	0.7595	0.7595

Sample: svediakorp-sec991-spf148, time period: 1800-1850
Metric	Precision	Recall	F1
cc	0.9333	1.0000	0.9655
discourse	0.0000	0.0000	0.0000
dislocated	0.0000	0.0000	0.0000
compound	1.0000	1.0000	1.0000
orphan	0.0000	0.0000	0.0000
flat	0.0000	0.0000	0.0000
fixed	0.0000	0.0000	0.0000
nmod	0.8000	0.9091	0.8511
iobj	0.0000	0.0000	0.0000
list	0.0000	0.0000	0.0000
csubj	0.0000	0.0000	0.0000
expl	0.0000	0.0000	0.0000
acl	0.8333	0.4545	0.5882
dep	0.0000	0.0000	0.0000
xcomp	0.7500	0.7500	0.7500
ccomp	0.0000	0.0000	0.0000
obj	0.8182	0.6429	0.7200
mark	0.5000	0.3333	0.4000
reparandum	0.0000	0.0000	0.0000
obl	0.8636	0.8261	0.8444
aux	0.7500	0.7500	0.7500
punct	1.0000	1.0000	1.0000
advmod	0.7500	1.0000	0.8571
conj	0.8125	0.9286	0.8667
case	0.9677	1.0000	0.9836
parataxis	0.0000	0.0000	0.0000
det	1.0000	1.0000	1.0000
cop	0.0000	0.0000	0.0000
root	0.8750	0.8750	0.8750
nsubj	0.7692	0.7143	0.7407
goeswith	0.0000	0.0000	0.0000
nummod	1.0000	1.0000	1.0000
advcl	0.0000	0.0000	0.0000
vocative	0.0000	0.0000	0.0000
amod	0.9000	0.9000	0.9000
appos	0.0000	0.0000	0.0000
clf	0.0000	0.0000	0.0000
TOTAL	0.8617	0.8617	0.8617

Sample: svediakorp-sec631-HasselskogN_HallaHallaGronkoping, time period: 1900-1950
Metric	Precision	Recall	F1
cc	1.0000	0.8667	0.9286
discourse	0.0000	0.0000	0.0000
dislocated	0.0000	0.0000	0.0000
compound	1.0000	1.0000	1.0000
orphan	0.0000	0.0000	0.0000
flat	0.0000	0.0000	0.0000
fixed	1.0000	1.0000	1.0000
nmod	0.8889	0.9697	0.9275
iobj	0.0000	0.0000	0.0000
list	0.0000	0.0000	0.0000
csubj	0.0000	0.0000	0.0000
expl	0.0000	0.0000	0.0000
acl	0.5714	0.5714	0.5714
dep	0.0000	0.0000	0.0000
xcomp	0.5714	0.5714	0.5714
ccomp	0.0000	0.0000	0.0000
obj	0.7857	0.7333	0.7586
mark	0.5385	0.8750	0.6667
reparandum	0.0000	0.0000	0.0000
obl	0.9032	0.7778	0.8358
aux	0.8889	1.0000	0.9412
punct	1.0000	1.0000	1.0000
advmod	0.9091	0.9091	0.9091
conj	0.6000	0.7500	0.6667
case	0.9787	0.8846	0.9293
parataxis	1.0000	0.6667	0.8000
det	0.9444	0.9444	0.9444
cop	1.0000	0.5000	0.6667
root	0.6000	0.6000	0.6000
nsubj	0.6190	0.7647	0.6842
goeswith	0.0000	0.0000	0.0000
nummod	0.0000	0.0000	0.0000
advcl	0.3333	0.4000	0.3636
vocative	0.0000	0.0000	0.0000
amod	1.0000	0.9310	0.9643
appos	0.1667	0.3333	0.2222
clf	0.0000	0.0000	0.0000
TOTAL	0.8377	0.8377	0.8377

Sample: svediakorp-sec252-BremerF_Teckningar1, time period: 1800-1850
Metric	Precision	Recall	F1
cc	0.0000	0.0000	0.0000
discourse	0.0000	0.0000	0.0000
dislocated	0.0000	0.0000	0.0000
compound	1.0000	1.0000	1.0000
orphan	0.0000	0.0000	0.0000
flat	0.0000	0.0000	0.0000
fixed	0.0000	0.0000	0.0000
nmod	0.0000	0.0000	0.0000
iobj	0.0000	0.0000	0.0000
list	0.0000	0.0000	0.0000
csubj	0.0000	0.0000	0.0000
expl	0.0000	0.0000	0.0000
acl	1.0000	1.0000	1.0000
dep	0.0000	0.0000	0.0000
xcomp	0.0000	0.0000	0.0000
ccomp	1.0000	1.0000	1.0000
obj	1.0000	1.0000	1.0000
mark	1.0000	1.0000	1.0000
reparandum	0.0000	0.0000	0.0000
obl	1.0000	0.7500	0.8571
aux	1.0000	1.0000	1.0000
punct	1.0000	1.0000	1.0000
advmod	0.8000	1.0000	0.8889
conj	0.0000	0.0000	0.0000
case	1.0000	1.0000	1.0000
parataxis	1.0000	1.0000	1.0000
det	1.0000	1.0000	1.0000
cop	0.0000	0.0000	0.0000
root	1.0000	1.0000	1.0000
nsubj	0.8571	0.7500	0.8000
goeswith	0.0000	0.0000	0.0000
nummod	0.0000	0.0000	0.0000
advcl	1.0000	1.0000	1.0000
vocative	0.0000	0.0000	0.0000
amod	0.6667	1.0000	0.8000
appos	0.0000	0.0000	0.0000
clf	0.0000	0.0000	0.0000
TOTAL	0.9259	0.9259	0.9259

Sample: svediakorp-sec1102-spf259, time period: 1850-1900
Metric	Precision	Recall	F1
cc	1.0000	1.0000	1.0000
discourse	0.0000	0.0000	0.0000
dislocated	0.0000	0.0000	0.0000
compound	1.0000	1.0000	1.0000
orphan	0.0000	0.0000	0.0000
flat	0.0000	0.0000	0.0000
fixed	0.0000	0.0000	0.0000
nmod	0.4615	1.0000	0.6316
iobj	0.0000	0.0000	0.0000
list	0.0000	0.0000	0.0000
csubj	0.0000	0.0000	0.0000
expl	0.0000	0.0000	0.0000
acl	0.5000	0.5000	0.5000
dep	0.0000	0.0000	0.0000
xcomp	0.3333	0.5000	0.4000
ccomp	0.0000	0.0000	0.0000
obj	0.6667	0.4000	0.5000
mark	0.8750	0.8750	0.8750
reparandum	0.0000	0.0000	0.0000
obl	0.9286	0.7222	0.8125
aux	1.0000	0.5000	0.6667
punct	1.0000	1.0000	1.0000
advmod	0.9333	0.9333	0.9333
conj	0.7000	0.6364	0.6667
case	1.0000	1.0000	1.0000
parataxis	0.0000	0.0000	0.0000
det	1.0000	1.0000	1.0000
cop	1.0000	1.0000	1.0000
root	0.8000	0.8000	0.8000
nsubj	0.7778	0.9333	0.8485
goeswith	0.0000	0.0000	0.0000
nummod	0.0000	0.0000	0.0000
advcl	1.0000	0.8333	0.9091
vocative	0.0000	0.0000	0.0000
amod	1.0000	1.0000	1.0000
appos	0.0000	0.0000	0.0000
clf	0.0000	0.0000	0.0000
TOTAL	0.8617	0.8617	0.8617

Sample: svediakorp-letter141673-Stalhammar, time period: 1700-1750
Metric	Precision	Recall	F1
cc	0.9000	0.9000	0.9000
discourse	0.0000	0.0000	0.0000
dislocated	0.0000	0.0000	0.0000
compound	0.0000	0.0000	0.0000
orphan	0.0000	0.0000	0.0000
flat	0.0000	0.0000	0.0000
fixed	0.0000	0.0000	0.0000
nmod	0.5333	0.5714	0.5517
iobj	0.0000	0.0000	0.0000
list	0.0000	0.0000	0.0000
csubj	0.0000	0.0000	0.0000
expl	0.0000	0.0000	0.0000
acl	0.0000	0.0000	0.0000
dep	0.0000	0.0000	0.0000
xcomp	0.5000	1.0000	0.6667
ccomp	0.0000	0.0000	0.0000
obj	0.0909	0.2000	0.1250
mark	1.0000	0.4000	0.5714
reparandum	0.0000	0.0000	0.0000
obl	0.5000	0.5000	0.5000
aux	0.5000	1.0000	0.6667
punct	1.0000	1.0000	1.0000
advmod	0.2857	0.2667	0.2759
conj	0.5714	0.8889	0.6957
case	0.8421	0.8421	0.8421
parataxis	0.0000	0.0000	0.0000
det	1.0000	0.7500	0.8571
cop	1.0000	0.8000	0.8889
root	0.6000	0.6000	0.6000
nsubj	0.5000	0.4615	0.4800
goeswith	0.0000	0.0000	0.0000
nummod	0.7500	1.0000	0.8571
advcl	0.0000	0.0000	0.0000
vocative	0.0000	0.0000	0.0000
amod	0.8333	0.4545	0.5882
appos	0.0000	0.0000	0.0000
clf	0.0000	0.0000	0.0000
TOTAL	0.5899	0.5899	0.5899

Sample: svediakorp-sec208-Anonym_DetGrasligaMordet, time period: 1850-1900
Metric	Precision	Recall	F1
cc	1.0000	1.0000	1.0000
discourse	0.0000	0.0000	0.0000
dislocated	0.0000	0.0000	0.0000
compound	0.0000	0.0000	0.0000
orphan	0.0000	0.0000	0.0000
flat	0.0000	0.0000	0.0000
fixed	0.0000	0.0000	0.0000
nmod	0.8889	0.8889	0.8889
iobj	0.0000	0.0000	0.0000
list	0.0000	0.0000	0.0000
csubj	0.0000	0.0000	0.0000
expl	0.0000	0.0000	0.0000
acl	0.5000	0.5000	0.5000
dep	0.0000	0.0000	0.0000
xcomp	1.0000	1.0000	1.0000
ccomp	0.0000	0.0000	0.0000
obj	0.5000	1.0000	0.6667
mark	1.0000	1.0000	1.0000
reparandum	0.0000	0.0000	0.0000
obl	0.8889	0.8889	0.8889
aux	1.0000	1.0000	1.0000
punct	1.0000	1.0000	1.0000
advmod	1.0000	0.8571	0.9231
conj	0.6667	1.0000	0.8000
case	1.0000	1.0000	1.0000
parataxis	0.0000	0.0000	0.0000
det	1.0000	1.0000	1.0000
cop	0.0000	0.0000	0.0000
root	1.0000	1.0000	1.0000
nsubj	1.0000	0.8333	0.9091
goeswith	0.0000	0.0000	0.0000
nummod	1.0000	1.0000	1.0000
advcl	0.3333	0.5000	0.4000
vocative	0.0000	0.0000	0.0000
amod	1.0000	1.0000	1.0000
appos	1.0000	1.0000	1.0000
clf	0.0000	0.0000	0.0000
TOTAL	0.9167	0.9167	0.9167

Sample: svediakorp-sec613-EngstromA_StrindbergOchJag, time period: 1900-1950
Metric	Precision	Recall	F1
cc	1.0000	0.8333	0.9091
discourse	0.0000	0.0000	0.0000
dislocated	0.0000	0.0000	0.0000
compound	1.0000	1.0000	1.0000
orphan	0.0000	0.0000	0.0000
flat	1.0000	1.0000	1.0000
fixed	0.0000	0.0000	0.0000
nmod	0.7500	1.0000	0.8571
iobj	1.0000	1.0000	1.0000
list	0.0000	0.0000	0.0000
csubj	0.0000	0.0000	0.0000
expl	0.0000	0.0000	0.0000
acl	1.0000	0.8333	0.9091
dep	0.0000	0.0000	0.0000
xcomp	1.0000	0.5000	0.6667
ccomp	0.0000	0.0000	0.0000
obj	1.0000	1.0000	1.0000
mark	1.0000	1.0000	1.0000
reparandum	0.0000	0.0000	0.0000
obl	1.0000	0.7500	0.8571
aux	1.0000	1.0000	1.0000
punct	1.0000	1.0000	1.0000
advmod	1.0000	1.0000	1.0000
conj	0.6000	0.6000	0.6000
case	1.0000	1.0000	1.0000
parataxis	0.0000	0.0000	0.0000
det	0.8750	0.8750	0.8750
cop	1.0000	1.0000	1.0000
root	1.0000	1.0000	1.0000
nsubj	0.6667	0.8889	0.7619
goeswith	0.0000	0.0000	0.0000
nummod	0.0000	0.0000	0.0000
advcl	0.3333	1.0000	0.5000
vocative	0.0000	0.0000	0.0000
amod	1.0000	1.0000	1.0000
appos	1.0000	1.0000	1.0000
clf	0.0000	0.0000	0.0000
TOTAL	0.8978	0.8978	0.8978

Sample: svediakorp-sec324-GranbergPA_Enslighetsalskaren, time period: 1800-1850
Metric	Precision	Recall	F1
cc	1.0000	1.0000	1.0000
discourse	0.0000	0.0000	0.0000
dislocated	0.0000	0.0000	0.0000
compound	1.0000	1.0000	1.0000
orphan	0.0000	0.0000	0.0000
flat	0.0000	0.0000	0.0000
fixed	0.0000	0.0000	0.0000
nmod	0.8333	0.8333	0.8333
iobj	1.0000	1.0000	1.0000
list	0.0000	0.0000	0.0000
csubj	0.0000	0.0000	0.0000
expl	0.0000	0.0000	0.0000
acl	0.6667	0.6667	0.6667
dep	0.0000	0.0000	0.0000
xcomp	0.3333	0.3333	0.3333
ccomp	1.0000	1.0000	1.0000
obj	0.8000	0.7273	0.7619
mark	0.7692	1.0000	0.8696
reparandum	0.0000	0.0000	0.0000
obl	0.8571	0.7500	0.8000
aux	1.0000	1.0000	1.0000
punct	1.0000	1.0000	1.0000
advmod	0.9375	0.9375	0.9375
conj	0.4000	1.0000	0.5714
case	1.0000	0.8889	0.9412
parataxis	0.0000	0.0000	0.0000
det	1.0000	0.8333	0.9091
cop	0.0000	0.0000	0.0000
root	0.8000	0.8000	0.8000
nsubj	0.9231	0.8571	0.8889
goeswith	0.0000	0.0000	0.0000
nummod	0.0000	0.0000	0.0000
advcl	0.6667	1.0000	0.8000
vocative	0.0000	0.0000	0.0000
amod	1.0000	0.7500	0.8571
appos	0.0000	0.0000	0.0000
clf	0.0000	0.0000	0.0000
TOTAL	0.8489	0.8489	0.8489

Sample: svediakorp-sec1033-spf190, time period: 1900-1950
Metric	Precision	Recall	F1
cc	1.0000	1.0000	1.0000
discourse	0.0000	0.0000	0.0000
dislocated	0.0000	0.0000	0.0000
compound	0.5000	1.0000	0.6667
orphan	0.0000	0.0000	0.0000
flat	0.0000	0.0000	0.0000
fixed	0.0000	0.0000	0.0000
nmod	1.0000	0.7273	0.8421
iobj	0.0000	0.0000	0.0000
list	0.0000	0.0000	0.0000
csubj	0.0000	0.0000	0.0000
expl	0.0000	0.0000	0.0000
acl	1.0000	1.0000	1.0000
dep	0.0000	0.0000	0.0000
xcomp	1.0000	0.6667	0.8000
ccomp	0.0000	0.0000	0.0000
obj	0.6667	1.0000	0.8000
mark	0.7500	1.0000	0.8571
reparandum	0.0000	0.0000	0.0000
obl	0.7500	0.7500	0.7500
aux	0.5000	1.0000	0.6667
punct	1.0000	1.0000	1.0000
advmod	1.0000	0.8333	0.9091
conj	0.5000	1.0000	0.6667
case	1.0000	0.9167	0.9565
parataxis	0.0000	0.0000	0.0000
det	0.8000	1.0000	0.8889
cop	1.0000	1.0000	1.0000
root	1.0000	1.0000	1.0000
nsubj	1.0000	0.9167	0.9565
goeswith	0.0000	0.0000	0.0000
nummod	0.0000	0.0000	0.0000
advcl	1.0000	1.0000	1.0000
vocative	0.0000	0.0000	0.0000
amod	1.0000	1.0000	1.0000
appos	0.5000	0.6667	0.5714
clf	0.0000	0.0000	0.0000
TOTAL	0.8898	0.8898	0.8898

Sample: svediakorp-sec25-Runius, time period: 1700-1750
Metric	Precision	Recall	F1
cc	1.0000	1.0000	1.0000
discourse	0.0000	0.0000	0.0000
dislocated	0.0000	0.0000	0.0000
compound	0.0000	0.0000	0.0000
orphan	0.0000	0.0000	0.0000
flat	0.0000	0.0000	0.0000
fixed	0.0000	0.0000	0.0000
nmod	0.6667	0.6667	0.6667
iobj	0.0000	0.0000	0.0000
list	0.0000	0.0000	0.0000
csubj	0.0000	0.0000	0.0000
expl	0.0000	0.0000	0.0000
acl	0.5000	0.6667	0.5714
dep	0.0000	0.0000	0.0000
xcomp	0.0000	0.0000	0.0000
ccomp	0.0000	0.0000	0.0000
obj	0.6000	1.0000	0.7500
mark	0.0000	0.0000	0.0000
reparandum	0.0000	0.0000	0.0000
obl	0.0000	0.0000	0.0000
aux	0.0000	0.0000	0.0000
punct	1.0000	1.0000	1.0000
advmod	1.0000	0.3333	0.5000
conj	0.0000	0.0000	0.0000
case	1.0000	1.0000	1.0000
parataxis	0.0000	0.0000	0.0000
det	1.0000	1.0000	1.0000
cop	0.0000	0.0000	0.0000
root	0.6000	0.6000	0.6000
nsubj	0.9000	0.9000	0.9000
goeswith	0.0000	0.0000	0.0000
nummod	0.0000	0.0000	0.0000
advcl	0.0000	0.0000	0.0000
vocative	0.0000	0.0000	0.0000
amod	1.0000	1.0000	1.0000
appos	0.0000	0.0000	0.0000
clf	0.0000	0.0000	0.0000
TOTAL	0.6939	0.6939	0.6939

Sample: svediakorp-sec254-CederborghF_BerattelseOmJohnHall, time period: 1800-1850
Metric	Precision	Recall	F1
cc	0.9000	0.8182	0.8571
discourse	0.0000	0.0000	0.0000
dislocated	0.0000	0.0000	0.0000
compound	0.0000	0.0000	0.0000
orphan	0.0000	0.0000	0.0000
flat	0.0000	0.0000	0.0000
fixed	0.0000	0.0000	0.0000
nmod	0.7500	0.7500	0.7500
iobj	0.0000	0.0000	0.0000
list	0.0000	0.0000	0.0000
csubj	0.0000	0.0000	0.0000
expl	0.0000	0.0000	0.0000
acl	0.2000	0.1667	0.1818
dep	0.0000	0.0000	0.0000
xcomp	0.5000	0.1429	0.2222
ccomp	0.6667	1.0000	0.8000
obj	0.5556	0.5556	0.5556
mark	0.8333	0.4545	0.5882
reparandum	0.0000	0.0000	0.0000
obl	0.5882	0.5882	0.5882
aux	0.6250	0.8333	0.7143
punct	0.9697	1.0000	0.9846
advmod	0.6957	0.8000	0.7442
conj	0.4444	0.6667	0.5333
case	0.9545	0.8750	0.9130
parataxis	0.0000	0.0000	0.0000
det	1.0000	0.9231	0.9600
cop	0.8333	0.7143	0.7692
root	0.4000	0.4000	0.4000
nsubj	0.8182	0.9000	0.8571
goeswith	0.0000	0.0000	0.0000
nummod	0.0000	0.0000	0.0000
advcl	0.2500	0.1667	0.2000
vocative	0.0000	0.0000	0.0000
amod	0.7857	0.8462	0.8148
appos	0.0000	0.0000	0.0000
clf	0.0000	0.0000	0.0000
TOTAL	0.7178	0.7208	0.7193

Sample: svediakorp-sec397-AngeredStrandbergH_UnderSodernsSol, time period: 1900-1950
Metric	Precision	Recall	F1
cc	1.0000	1.0000	1.0000
discourse	0.0000	0.0000	0.0000
dislocated	0.0000	0.0000	0.0000
compound	0.7500	0.7500	0.7500
orphan	0.0000	0.0000	0.0000
flat	0.0000	0.0000	0.0000
fixed	0.0000	0.0000	0.0000
nmod	0.8824	0.8333	0.8571
iobj	0.0000	0.0000	0.0000
list	0.0000	0.0000	0.0000
csubj	0.0000	0.0000	0.0000
expl	1.0000	1.0000	1.0000
acl	1.0000	1.0000	1.0000
dep	0.0000	0.0000	0.0000
xcomp	1.0000	0.3333	0.5000
ccomp	1.0000	0.6667	0.8000
obj	0.6667	1.0000	0.8000
mark	0.6250	0.8333	0.7143
reparandum	0.0000	0.0000	0.0000
obl	0.7500	0.8000	0.7742
aux	0.6667	1.0000	0.8000
punct	1.0000	1.0000	1.0000
advmod	0.8462	0.7333	0.7857
conj	0.9167	0.8462	0.8800
case	0.9500	0.9500	0.9500
parataxis	0.0000	0.0000	0.0000
det	1.0000	1.0000	1.0000
cop	0.5000	0.5000	0.5000
root	0.6000	0.6000	0.6000
nsubj	0.9375	0.8824	0.9091
goeswith	0.0000	0.0000	0.0000
nummod	0.0000	0.0000	0.0000
advcl	0.0000	0.0000	0.0000
vocative	0.0000	0.0000	0.0000
amod	0.9412	1.0000	0.9697
appos	0.0000	0.0000	0.0000
clf	0.0000	0.0000	0.0000
TOTAL	0.8602	0.8602	0.8602

Sample: svediakorp-sec330-GyllenborgC_SwenskaSpratthoken, time period: 1700-1750
Metric	Precision	Recall	F1
cc	0.8947	0.8095	0.8500
discourse	0.5000	0.5000	0.5000
dislocated	0.0000	0.0000	0.0000
compound	0.4000	0.6667	0.5000
orphan	0.0000	0.0000	0.0000
flat	0.1429	0.2500	0.1818
fixed	0.0000	0.0000	0.0000
nmod	0.6667	0.7143	0.6897
iobj	0.5000	0.5000	0.5000
list	0.0000	0.0000	0.0000
csubj	0.0000	0.0000	0.0000
expl	0.5000	1.0000	0.6667
acl	0.4545	0.5000	0.4762
dep	0.0000	0.0000	0.0000
xcomp	0.2500	0.2000	0.2222
ccomp	0.5714	0.5714	0.5714
obj	0.7143	0.6250	0.6667
mark	0.5769	0.7500	0.6522
reparandum	0.0000	0.0000	0.0000
obl	0.5000	0.4211	0.4571
aux	1.0000	0.6667	0.8000
punct	1.0000	1.0000	1.0000
advmod	0.7586	0.7097	0.7333
conj	0.6000	0.6667	0.6316
case	0.7647	0.5652	0.6500
parataxis	0.2500	0.3333	0.2857
det	0.8462	0.7333	0.7857
cop	1.0000	0.8000	0.8889
root	0.2000	0.2000	0.2000
nsubj	0.6923	0.8438	0.7606
goeswith	0.0000	0.0000	0.0000
nummod	0.0000	0.0000	0.0000
advcl	0.3333	0.7143	0.4545
vocative	0.0000	0.0000	0.0000
amod	0.9000	0.6429	0.7500
appos	0.0000	0.0000	0.0000
clf	0.0000	0.0000	0.0000
TOTAL	0.6751	0.6751	0.6751

Sample: svediakorp-sec639-HeidenstamV_Proletarfilosofiens, time period: 1900-1950
Metric	Precision	Recall	F1
cc	1.0000	1.0000	1.0000
discourse	0.0000	0.0000	0.0000
dislocated	0.0000	0.0000	0.0000
compound	1.0000	1.0000	1.0000
orphan	0.0000	0.0000	0.0000
flat	0.0000	0.0000	0.0000
fixed	0.0000	0.0000	0.0000
nmod	1.0000	1.0000	1.0000
iobj	0.0000	0.0000	0.0000
list	0.0000	0.0000	0.0000
csubj	0.0000	0.0000	0.0000
expl	0.0000	0.0000	0.0000
acl	0.7500	0.7500	0.7500
dep	0.0000	0.0000	0.0000
xcomp	1.0000	0.6000	0.7500
ccomp	0.0000	0.0000	0.0000
obj	1.0000	1.0000	1.0000
mark	1.0000	1.0000	1.0000
reparandum	0.0000	0.0000	0.0000
obl	1.0000	0.9000	0.9474
aux	1.0000	1.0000	1.0000
punct	1.0000	1.0000	1.0000
advmod	0.8182	1.0000	0.9000
conj	1.0000	1.0000	1.0000
case	1.0000	1.0000	1.0000
parataxis	0.0000	0.0000	0.0000
det	1.0000	1.0000	1.0000
cop	1.0000	1.0000	1.0000
root	1.0000	1.0000	1.0000
nsubj	0.8889	0.8889	0.8889
goeswith	0.0000	0.0000	0.0000
nummod	0.0000	0.0000	0.0000
advcl	0.6667	1.0000	0.8000
vocative	0.0000	0.0000	0.0000
amod	1.0000	1.0000	1.0000
appos	0.0000	0.0000	0.0000
clf	0.0000	0.0000	0.0000
TOTAL	0.9577	0.9577	0.9577

Sample: svediakorp-sec268-DulciU_VitterhetsNojen3, time period: 1750-1800
Metric	Precision	Recall	F1
cc	0.9286	1.0000	0.9630
discourse	0.0000	0.0000	0.0000
dislocated	0.0000	0.0000	0.0000
compound	0.3333	1.0000	0.5000
orphan	0.0000	0.0000	0.0000
flat	1.0000	1.0000	1.0000
fixed	0.0000	0.0000	0.0000
nmod	0.9000	0.8571	0.8780
iobj	0.5000	0.5000	0.5000
list	0.0000	0.0000	0.0000
csubj	0.0000	0.0000	0.0000
expl	1.0000	1.0000	1.0000
acl	0.7143	0.4545	0.5556
dep	0.0000	0.0000	0.0000
xcomp	0.8889	0.6154	0.7273
ccomp	0.5000	0.2500	0.3333
obj	0.8929	0.8065	0.8475
mark	0.8846	0.7419	0.8070
reparandum	0.0000	0.0000	0.0000
obl	0.7407	0.7843	0.7619
aux	0.9355	1.0000	0.9667
punct	1.0000	1.0000	1.0000
advmod	0.7541	0.9388	0.8364
conj	0.8276	0.9600	0.8889
case	0.9437	0.9437	0.9437
parataxis	0.0000	0.0000	0.0000
det	0.9200	0.9388	0.9293
cop	1.0000	0.8571	0.9231
root	0.5556	0.5556	0.5556
nsubj	0.9189	0.8095	0.8608
goeswith	0.0000	0.0000	0.0000
nummod	0.0000	0.0000	0.0000
advcl	0.3077	0.3636	0.3333
vocative	0.0000	0.0000	0.0000
amod	0.9302	0.8163	0.8696
appos	0.0000	0.0000	0.0000
clf	0.0000	0.0000	0.0000
TOTAL	0.8542	0.8542	0.8542

Sample: svediakorp-sec987-spf144, time period: 1800-1850
Metric	Precision	Recall	F1
cc	1.0000	1.0000	1.0000
discourse	0.0000	0.0000	0.0000
dislocated	0.0000	0.0000	0.0000
compound	1.0000	1.0000	1.0000
orphan	0.0000	0.0000	0.0000
flat	1.0000	1.0000	1.0000
fixed	0.0000	0.0000	0.0000
nmod	0.9000	1.0000	0.9474
iobj	0.0000	0.0000	0.0000
list	0.0000	0.0000	0.0000
csubj	0.0000	0.0000	0.0000
expl	0.0000	0.0000	0.0000
acl	1.0000	0.3333	0.5000
dep	0.0000	0.0000	0.0000
xcomp	0.0000	0.0000	0.0000
ccomp	0.0000	0.0000	0.0000
obj	0.6667	0.6667	0.6667
mark	1.0000	1.0000	1.0000
reparandum	0.0000	0.0000	0.0000
obl	0.8571	0.6667	0.7500
aux	0.5000	1.0000	0.6667
punct	1.0000	1.0000	1.0000
advmod	1.0000	0.6667	0.8000
conj	0.6000	0.7500	0.6667
case	1.0000	1.0000	1.0000
parataxis	0.0000	0.0000	0.0000
det	0.7500	1.0000	0.8571
cop	1.0000	1.0000	1.0000
root	1.0000	1.0000	1.0000
nsubj	0.7143	0.7143	0.7143
goeswith	0.0000	0.0000	0.0000
nummod	0.0000	0.0000	0.0000
advcl	0.0000	0.0000	0.0000
vocative	0.0000	0.0000	0.0000
amod	1.0000	0.8750	0.9333
appos	0.0000	0.0000	0.0000
clf	0.0000	0.0000	0.0000
TOTAL	0.8519	0.8519	0.8519

Sample: svediakorp-sec988-spf145, time period: 1800-1850
Metric	Precision	Recall	F1
cc	1.0000	1.0000	1.0000
discourse	0.0000	0.0000	0.0000
dislocated	0.0000	0.0000	0.0000
compound	0.0000	0.0000	0.0000
orphan	0.0000	0.0000	0.0000
flat	0.0000	0.0000	0.0000
fixed	0.0000	0.0000	0.0000
nmod	0.7500	0.8182	0.7826
iobj	1.0000	1.0000	1.0000
list	0.0000	0.0000	0.0000
csubj	1.0000	1.0000	1.0000
expl	0.0000	0.0000	0.0000
acl	0.8000	1.0000	0.8889
dep	0.0000	0.0000	0.0000
xcomp	1.0000	0.2000	0.3333
ccomp	1.0000	1.0000	1.0000
obj	0.6000	1.0000	0.7500
mark	1.0000	1.0000	1.0000
reparandum	0.0000	0.0000	0.0000
obl	0.8182	0.7500	0.7826
aux	1.0000	1.0000	1.0000
punct	1.0000	1.0000	1.0000
advmod	1.0000	0.8333	0.9091
conj	0.6667	1.0000	0.8000
case	1.0000	0.8235	0.9032
parataxis	1.0000	0.8571	0.9231
det	1.0000	1.0000	1.0000
cop	1.0000	1.0000	1.0000
root	0.8000	0.8000	0.8000
nsubj	0.8235	0.8235	0.8235
goeswith	0.0000	0.0000	0.0000
nummod	0.0000	0.0000	0.0000
advcl	0.5000	0.6667	0.5714
vocative	0.0000	0.0000	0.0000
amod	0.8750	0.8750	0.8750
appos	0.0000	0.0000	0.0000
clf	0.0000	0.0000	0.0000
TOTAL	0.8675	0.8675	0.8675

Sample: svediakorp-sec1063-spf220, time period: 1850-1900
Metric	Precision	Recall	F1
cc	1.0000	1.0000	1.0000
discourse	0.0000	0.0000	0.0000
dislocated	1.0000	1.0000	1.0000
compound	0.0000	0.0000	0.0000
orphan	0.0000	0.0000	0.0000
flat	0.0000	0.0000	0.0000
fixed	1.0000	1.0000	1.0000
nmod	1.0000	0.8750	0.9333
iobj	0.0000	0.0000	0.0000
list	0.0000	0.0000	0.0000
csubj	0.0000	0.0000	0.0000
expl	0.0000	0.0000	0.0000
acl	1.0000	1.0000	1.0000
dep	0.0000	0.0000	0.0000
xcomp	1.0000	0.5000	0.6667
ccomp	0.5000	1.0000	0.6667
obj	0.8889	0.8000	0.8421
mark	1.0000	0.7500	0.8571
reparandum	0.0000	0.0000	0.0000
obl	0.8889	1.0000	0.9412
aux	0.6667	1.0000	0.8000
punct	1.0000	1.0000	1.0000
advmod	0.8182	0.9000	0.8571
conj	0.8571	0.8571	0.8571
case	1.0000	1.0000	1.0000
parataxis	0.0000	0.0000	0.0000
det	1.0000	1.0000	1.0000
cop	1.0000	1.0000	1.0000
root	1.0000	1.0000	1.0000
nsubj	0.8000	0.8571	0.8276
goeswith	0.0000	0.0000	0.0000
nummod	0.0000	0.0000	0.0000
advcl	1.0000	0.7500	0.8571
vocative	0.0000	0.0000	0.0000
amod	1.0000	1.0000	1.0000
appos	0.0000	0.0000	0.0000
clf	0.0000	0.0000	0.0000
TOTAL	0.9252	0.9252	0.9252

----------------------------------------------------------------------
Average scores for time period 1700-1750(3 samples with a total of 15 sentences):
Metric	Precision	Recall	F1
cc	0.9316	0.9032	0.9167
discourse	0.1667	0.1667	0.1667
dislocated	0.0000	0.0000	0.0000
compound	0.1333	0.2222	0.1667
orphan	0.0000	0.0000	0.0000
flat	0.0476	0.0833	0.0606
fixed	0.0000	0.0000	0.0000
nmod	0.6222	0.6508	0.6360
iobj	0.1667	0.1667	0.1667
list	0.0000	0.0000	0.0000
csubj	0.0000	0.0000	0.0000
expl	0.1667	0.3333	0.2222
acl	0.3182	0.3889	0.3492
dep	0.0000	0.0000	0.0000
xcomp	0.2500	0.4000	0.2963
ccomp	0.1905	0.1905	0.1905
obj	0.4684	0.6083	0.5139
mark	0.5256	0.3833	0.4079
reparandum	0.0000	0.0000	0.0000
obl	0.3333	0.3070	0.3190
aux	0.5000	0.5556	0.4889
punct	1.0000	1.0000	1.0000
advmod	0.6814	0.4366	0.5031
conj	0.3905	0.5185	0.4424
case	0.8689	0.8024	0.8307
parataxis	0.0833	0.1111	0.0952
det	0.9487	0.8278	0.8810
cop	0.6667	0.5333	0.5926
root	0.4667	0.4667	0.4667
nsubj	0.6974	0.7351	0.7135
goeswith	0.0000	0.0000	0.0000
nummod	0.2500	0.3333	0.2857
advcl	0.1111	0.2381	0.1515
vocative	0.0000	0.0000	0.0000
amod	0.9111	0.6991	0.7794
appos	0.0000	0.0000	0.0000
clf	0.0000	0.0000	0.0000
TOTAL	0.6530	0.6530	0.6530

Average scores for time period 1750-1800(2 samples with a total of 17 sentences):
Metric	Precision	Recall	F1
cc	0.9622	1.0000	0.9804
discourse	0.0000	0.0000	0.0000
dislocated	0.0000	0.0000	0.0000
compound	0.1765	0.5294	0.2647
orphan	0.0000	0.0000	0.0000
flat	0.5294	0.5294	0.5294
fixed	0.0000	0.0000	0.0000
nmod	0.7902	0.8655	0.8210
iobj	0.2647	0.2647	0.2647
list	0.0000	0.0000	0.0000
csubj	0.0000	0.0000	0.0000
expl	0.5294	0.5294	0.5294
acl	0.6919	0.5936	0.6263
dep	0.0000	0.0000	0.0000
xcomp	0.9412	0.4969	0.6360
ccomp	0.5000	0.2500	0.3333
obj	0.8194	0.7737	0.7954
mark	0.9389	0.6462	0.7567
reparandum	0.0000	0.0000	0.0000
obl	0.6947	0.6799	0.6857
aux	0.8874	0.8235	0.8479
punct	1.0000	1.0000	1.0000
advmod	0.7690	0.8952	0.8262
conj	0.6734	0.7906	0.7273
case	0.8949	0.9702	0.9293
parataxis	0.0000	0.0000	0.0000
det	0.9576	0.9676	0.9626
cop	1.0000	0.9244	0.9593
root	0.5294	0.5294	0.5294
nsubj	0.8580	0.8001	0.8272
goeswith	0.0000	0.0000	0.0000
nummod	0.0000	0.0000	0.0000
advcl	0.2973	0.5062	0.3647
vocative	0.0000	0.0000	0.0000
amod	0.8907	0.8304	0.8585
appos	0.0000	0.0000	0.0000
clf	0.0000	0.0000	0.0000
TOTAL	0.8096	0.8096	0.8096

Average scores for time period 1800-1850(6 samples with a total of 28 sentences):
Metric	Precision	Recall	F1
cc	0.8917	0.8961	0.8932
discourse	0.0000	0.0000	0.0000
dislocated	0.0000	0.0000	0.0000
compound	0.6429	0.6429	0.6429
orphan	0.0000	0.0000	0.0000
flat	0.1071	0.1071	0.1071
fixed	0.0000	0.0000	0.0000
nmod	0.7417	0.7957	0.7672
iobj	0.3571	0.3571	0.3571
list	0.0000	0.0000	0.0000
csubj	0.1786	0.1786	0.1786
expl	0.0000	0.0000	0.0000
acl	0.7143	0.5644	0.6033
dep	0.0000	0.0000	0.0000
xcomp	0.5417	0.3350	0.3730
ccomp	0.5476	0.6071	0.5714
obj	0.7258	0.7342	0.7178
mark	0.7862	0.7121	0.7318
reparandum	0.0000	0.0000	0.0000
obl	0.8142	0.7339	0.7705
aux	0.8080	0.8988	0.8418
punct	0.9946	1.0000	0.9973
advmod	0.8488	0.8876	0.8567
conj	0.5663	0.8219	0.6592
case	0.9827	0.9263	0.9520
parataxis	0.2500	0.2245	0.2363
det	0.9732	0.9565	0.9613
cop	0.4345	0.4133	0.4231
root	0.7857	0.7857	0.7857
nsubj	0.8155	0.7950	0.8042
goeswith	0.0000	0.0000	0.0000
nummod	0.2857	0.2857	0.2857
advcl	0.3244	0.3988	0.3520
vocative	0.0000	0.0000	0.0000
amod	0.8870	0.8636	0.8691
appos	0.0000	0.0000	0.0000
clf	0.0000	0.0000	0.0000
TOTAL	0.8383	0.8388	0.8385

Average scores for time period 1850-1900(5 samples with a total of 24 sentences):
Metric	Precision	Recall	F1
cc	0.9583	0.8958	0.9074
discourse	0.0000	0.0000	0.0000
dislocated	0.2500	0.2500	0.2500
compound	0.4167	0.4167	0.4167
orphan	0.0000	0.0000	0.0000
flat	0.2083	0.1042	0.1389
fixed	0.2500	0.2500	0.2500
nmod	0.7837	0.8753	0.8061
iobj	0.0000	0.0000	0.0000
list	0.0000	0.0000	0.0000
csubj	0.0000	0.0000	0.0000
expl	0.0000	0.0000	0.0000
acl	0.7500	0.7083	0.7269
dep	0.0000	0.0000	0.0000
xcomp	0.6528	0.4583	0.5139
ccomp	0.1250	0.2500	0.1667
obj	0.7639	0.7769	0.7499
mark	0.8202	0.9115	0.8360
reparandum	0.0000	0.0000	0.0000
obl	0.8726	0.8412	0.8530
aux	0.5000	0.4792	0.4639
punct	1.0000	1.0000	1.0000
advmod	0.7816	0.8875	0.8247
conj	0.7907	0.7358	0.7483
case	0.9811	0.9415	0.9599
parataxis	0.1042	0.2083	0.1389
det	0.9811	1.0000	0.9901
cop	0.6667	0.6667	0.6667
root	0.8333	0.8333	0.8333
nsubj	0.8635	0.8851	0.8710
goeswith	0.0000	0.0000	0.0000
nummod	0.3333	0.3333	0.3333
advcl	0.6910	0.6667	0.6620
vocative	0.0000	0.0000	0.0000
amod	1.0000	0.9702	0.9840
appos	0.2292	0.2292	0.2292
clf	0.0000	0.0000	0.0000
TOTAL	0.8763	0.8763	0.8763

Average scores for time period 1900-1950(5 samples with a total of 25 sentences):
Metric	Precision	Recall	F1
cc	1.0000	0.9400	0.9675
discourse	0.0000	0.0000	0.0000
dislocated	0.0000	0.0000	0.0000
compound	0.8500	0.9500	0.8833
orphan	0.0000	0.0000	0.0000
flat	0.2000	0.2000	0.2000
fixed	0.2000	0.2000	0.2000
nmod	0.9042	0.9061	0.8968
iobj	0.2000	0.2000	0.2000
list	0.0000	0.0000	0.0000
csubj	0.0000	0.0000	0.0000
expl	0.2000	0.2000	0.2000
acl	0.8643	0.8310	0.8461
dep	0.0000	0.0000	0.0000
xcomp	0.9143	0.5343	0.6576
ccomp	0.2000	0.1333	0.1600
obj	0.8238	0.9467	0.8717
mark	0.7827	0.9417	0.8476
reparandum	0.0000	0.0000	0.0000
obl	0.8806	0.7956	0.8329
aux	0.8111	1.0000	0.8816
punct	1.0000	1.0000	1.0000
advmod	0.9147	0.8952	0.9008
conj	0.7233	0.8392	0.7627
case	0.9857	0.9503	0.9672
parataxis	0.2000	0.1333	0.1600
det	0.9239	0.9639	0.9417
cop	0.9000	0.8000	0.8333
root	0.8400	0.8400	0.8400
nsubj	0.8224	0.8683	0.8401
goeswith	0.0000	0.0000	0.0000
nummod	0.0000	0.0000	0.0000
advcl	0.4667	0.6800	0.5327
vocative	0.0000	0.0000	0.0000
amod	0.9882	0.9862	0.9868
appos	0.3333	0.4000	0.3587
clf	0.0000	0.0000	0.0000
TOTAL	0.8886	0.8886	0.8886

